0.543049,0.968771,0.790071
0.54279,0.968849,0.78997
0.542484,0.968904,0.789946
0.542136,0.968938,0.789891
0.541671,0.968993,0.789846
0.541393,0.969028,0.789835
0.541093,0.969133,0.789892
0.540538,0.969122,0.790076
0.540206,0.968997,0.790045
0.539545,0.968786,0.790087
0.538988,0.968949,0.790228
0.538575,0.969005,0.790304
0.538257,0.969039,0.790412
0.537945,0.969064,0.790536
0.537585,0.969195,0.790753
0.537163,0.969254,0.790917
0.53683,0.969316,0.790986
0.536284,0.969469,0.790997
0.535805,0.969595,0.791096
0.535408,0.969609,0.791043
0.535043,0.969571,0.79096
0.534463,0.969496,0.790744
0.53401,0.969471,0.790542
0.533705,0.969482,0.790284
0.533417,0.969493,0.789978
0.533032,0.969664,0.78946
0.532554,0.969769,0.789021
0.532078,0.969809,0.788525
0.531789,0.969899,0.788099
0.531465,0.970032,0.787629
0.531303,0.970118,0.786949
0.531014,0.970228,0.786333
0.530747,0.970204,0.785704
0.530341,0.970122,0.784983
0.53018,0.970086,0.784316
0.530037,0.97006,0.783542
0.530083,0.970125,0.782876
0.530186,0.969832,0.781624
0.530119,0.969599,0.780797
0.530187,0.969463,0.779765
0.530516,0.969228,0.7789
0.530879,0.968831,0.777575
0.531379,0.968435,0.776423
0.53178,0.968035,0.774912
0.53248,0.967531,0.773737
0.533027,0.967005,0.772132
0.533642,0.96636,0.770533
0.534123,0.966054,0.769204
0.535109,0.965599,0.76746
0.535757,0.965489,0.766186
0.536232,0.965626,0.764627
0.536949,0.965612,0.762997
0.537339,0.965728,0.761817
0.537755,0.965791,0.760469
0.538063,0.965901,0.759503
0.538345,0.966261,0.758322
0.538616,0.966405,0.757113
0.538619,0.966774,0.756131
0.538831,0.967488,0.754951
0.538789,0.967966,0.754149
0.538862,0.968561,0.753191
0.539098,0.969337,0.752345
0.539083,0.96995,0.751536
0.539448,0.970782,0.750569
0.539428,0.971354,0.749702
0.53937,0.972021,0.748918
0.539456,0.972725,0.748285
0.539794,0.973273,0.747389
0.539741,0.973667,0.746675
0.539681,0.974067,0.745985
0.539704,0.97464,0.744978
0.539641,0.974884,0.744405
0.53949,0.975094,0.743789
0.539357,0.975323,0.74332
0.539181,0.975556,0.742895
0.538895,0.975841,0.742447
0.538359,0.976065,0.742028
0.537893,0.976204,0.741748
0.537346,0.976291,0.741495
0.536832,0.976344,0.741275
0.536336,0.976354,0.741126
0.535719,0.976344,0.741015
0.534726,0.976048,0.740896
0.533767,0.975857,0.740676
0.53304,0.975682,0.740599
0.532143,0.975622,0.740609
0.531016,0.975075,0.740655
0.529779,0.974768,0.740507
0.528873,0.974641,0.740707
0.527611,0.974127,0.741049
0.526544,0.973759,0.741195
0.525358,0.973338,0.741326
0.523756,0.972738,0.741566
0.521692,0.972195,0.741869
0.520752,0.972023,0.742346
0.519009,0.971307,0.743031
0.517028,0.97039,0.743628
0.515646,0.969898,0.744237
0.513801,0.969349,0.745383
0.511495,0.968386,0.746124
0.509965,0.967838,0.746992
0.507778,0.967036,0.748052
0.505819,0.966299,0.749082
0.504125,0.965945,0.750063
0.502571,0.965943,0.751134
0.50056,0.966015,0.751632
0.499242,0.96641,0.752591
0.497849,0.967381,0.753592
0.49665,0.968269,0.754711
0.495324,0.969374,0.755594
0.494079,0.970285,0.756563
0.492547,0.971243,0.757485
0.490967,0.971904,0.758297
0.489067,0.972456,0.758739
0.487362,0.972535,0.759467
0.485394,0.972712,0.760052
0.482945,0.972196,0.760274
0.481121,0.971963,0.760639
0.479205,0.971397,0.760422
0.477487,0.970833,0.76032
0.475692,0.970272,0.759948
0.474494,0.97013,0.759758
0.47331,0.970023,0.759268
0.4723,0.970305,0.758911
0.471636,0.970699,0.758533
0.471136,0.970979,0.758114
0.470469,0.971323,0.757552
0.469795,0.971621,0.756949
0.469368,0.971976,0.75647
0.468616,0.97239,0.755795
0.468097,0.972927,0.755123
0.467371,0.973144,0.754362
0.466828,0.973383,0.753567
0.466317,0.973632,0.752633
0.465918,0.9741,0.751616
0.465386,0.974313,0.750617
0.465173,0.974586,0.749404
0.464883,0.974994,0.748332
0.465012,0.975527,0.747177
0.464954,0.97584,0.745797
0.465122,0.976126,0.744789
0.465282,0.976324,0.743901
0.465876,0.976621,0.742325
0.466556,0.976561,0.741182
0.467147,0.976798,0.740104
0.467737,0.97684,0.739045
0.468418,0.976902,0.737983
0.469261,0.97653,0.736939
0.469988,0.97614,0.736055
0.470836,0.975892,0.735027
0.471805,0.975442,0.73408
0.472791,0.974853,0.732995
0.474002,0.97437,0.732374
0.475308,0.973668,0.731446
0.476745,0.972894,0.730568
0.478037,0.972169,0.730094
0.479785,0.971119,0.729516
0.481619,0.970438,0.72911
0.483206,0.969279,0.728976
0.484865,0.96845,0.728674
0.487127,0.967762,0.728746
0.488871,0.966834,0.728729
0.49129,0.965924,0.728945
0.493173,0.965027,0.729074
0.495573,0.964438,0.729605
0.497552,0.96341,0.730229
0.499965,0.962566,0.730561
0.501856,0.961491,0.731265
0.503775,0.960754,0.732366
0.505442,0.959737,0.733259
0.507013,0.958736,0.734542
0.508781,0.957787,0.735882
0.509794,0.957146,0.737306
0.510925,0.956766,0.738465
0.5121,0.95674,0.739613
0.513088,0.957125,0.740355
0.514091,0.957515,0.74113
0.514776,0.957934,0.741641
0.515538,0.958372,0.74192
0.516573,0.958979,0.742075
0.517481,0.959653,0.741933
0.518465,0.960272,0.741678
0.519445,0.960635,0.741437
0.52083,0.960986,0.741022
0.522104,0.961617,0.740557
0.523465,0.962363,0.740374
0.524654,0.962954,0.740432
0.525584,0.963715,0.740379
0.52663,0.964777,0.740359
0.527704,0.965937,0.740459
0.528184,0.967017,0.740248
0.528545,0.968335,0.739934
0.528926,0.969594,0.739572
0.529066,0.970566,0.739057
0.529642,0.97182,0.738627
0.529255,0.972494,0.73778
0.529039,0.972938,0.736916
0.528863,0.973226,0.735982
0.528636,0.973657,0.735191
0.5281,0.973787,0.734422
0.527331,0.973604,0.733507
0.526873,0.973469,0.732673
0.52614,0.972843,0.731764
0.525634,0.972581,0.730764
0.525123,0.972243,0.73015
0.524017,0.971534,0.729378
0.523111,0.970948,0.728828
0.522141,0.970425,0.728307
0.520828,0.969624,0.727955
0.519518,0.968727,0.727653
0.518127,0.967854,0.727356
0.516733,0.96673,0.727318
0.514971,0.965525,0.727247
0.51318,0.964389,0.727495
0.510896,0.962801,0.72807
0.50962,0.962047,0.728324
0.50729,0.960133,0.728342
0.505345,0.958843,0.728498
0.503278,0.95716,0.72891
0.501802,0.955863,0.729453
0.499177,0.953744,0.729776
0.496126,0.951604,0.730631
0.495044,0.951347,0.730408
0.493734,0.950674,0.731252
0.491241,0.949048,0.732349
0.489831,0.948861,0.733485
0.486078,0.946618,0.735572
0.485592,0.946823,0.736606
0.48338,0.94581,0.739045
0.481779,0.945306,0.74083
0.479792,0.944686,0.743353
0.478323,0.944582,0.745026
0.477249,0.944896,0.746864
0.475408,0.94449,0.748448
0.474912,0.946051,0.748925
0.474065,0.947204,0.749713
0.473424,0.948567,0.750266
0.473163,0.949899,0.750414
0.473034,0.951698,0.750418
0.472732,0.953021,0.750363
0.472164,0.954388,0.749901
0.472145,0.956094,0.749284
0.471363,0.957271,0.748483
0.470162,0.958764,0.747629
0.469159,0.960704,0.746974
0.467969,0.962252,0.746415
0.46687,0.964494,0.746054
0.465935,0.966558,0.745742
0.465242,0.968197,0.745351
0.465064,0.970376,0.744771
0.464648,0.972037,0.744354
0.464549,0.973681,0.743816
0.464944,0.975079,0.743034
0.465615,0.975862,0.741842
0.466051,0.976617,0.740905
0.46705,0.977236,0.739929
0.468076,0.97775,0.73866
0.468956,0.977815,0.73761
0.47006,0.977676,0.73625
0.470972,0.977314,0.73501
0.471986,0.976847,0.734058
0.473011,0.976326,0.73278
0.473691,0.975557,0.732008
0.474575,0.974748,0.731521
0.475393,0.973778,0.73082
0.476305,0.972727,0.73048
0.476877,0.971501,0.73055
0.477828,0.970285,0.730706
0.478574,0.969245,0.730795
0.480388,0.968192,0.731109
0.481511,0.96691,0.731799
0.483034,0.965495,0.732523
0.484746,0.964335,0.733419
0.486954,0.962816,0.733891
0.488979,0.961284,0.734795
0.490584,0.959616,0.735667
0.492425,0.957876,0.736855
0.493944,0.955373,0.737789
0.495539,0.95354,0.739041
0.496727,0.951869,0.740153
0.497834,0.950311,0.741034
0.498236,0.948712,0.742114
0.49909,0.94804,0.742952
0.499177,0.947731,0.74383
0.49925,0.94783,0.744397
0.499237,0.94836,0.744676
0.499421,0.949138,0.744812
0.499797,0.950053,0.744697
0.499871,0.950951,0.744487
0.500006,0.952111,0.743705
0.50027,0.95338,0.742988
0.500773,0.954758,0.742063
0.501291,0.955937,0.741519
0.501662,0.957619,0.740557
0.502208,0.959509,0.739712
0.502562,0.961539,0.738909
0.503349,0.964142,0.738263
0.503392,0.966217,0.737705
0.504087,0.968837,0.737029
0.504096,0.971028,0.736305
0.50435,0.973284,0.735131
0.504092,0.975084,0.733827
0.503988,0.976852,0.73225
0.503308,0.97822,0.730747
0.502923,0.97888,0.729061
0.50212,0.979582,0.726942
0.50128,0.979811,0.725293
0.500061,0.979848,0.723494
0.498803,0.979425,0.721604
0.497727,0.979174,0.720183
0.496941,0.978864,0.71896
0.49611,0.977882,0.717346
0.493992,0.976374,0.715475
0.492552,0.975451,0.714378
0.492068,0.974568,0.714032
0.489811,0.972741,0.712843
0.488856,0.972081,0.712524
0.486684,0.970595,0.71159
0.484977,0.969472,0.711026
0.483443,0.968602,0.710323
0.481979,0.967389,0.710003
0.480229,0.966218,0.709348
0.478961,0.965462,0.708779
0.477901,0.964538,0.708688
0.476031,0.963282,0.707992
0.474934,0.962875,0.707896
0.472491,0.96151,0.707129
0.471014,0.960506,0.707083
0.469029,0.959309,0.707207
0.467402,0.95809,0.70767
0.465504,0.957069,0.708064
0.463205,0.955683,0.70929
0.461598,0.954767,0.709992
0.45936,0.953299,0.710409
0.457762,0.952786,0.710946
0.45708,0.952667,0.711131
0.456087,0.952937,0.710642
0.454684,0.953543,0.709704
0.45444,0.954532,0.709131
0.454107,0.956112,0.708602
0.454649,0.958154,0.708243
0.454812,0.959395,0.707146
0.455032,0.96144,0.706118
0.454977,0.962627,0.705197
0.454106,0.964004,0.704074
0.453739,0.96603,0.703347
0.45229,0.967656,0.702284
0.451244,0.969147,0.701684
0.450398,0.971013,0.701133
0.449293,0.972776,0.700649
0.449016,0.974628,0.699875
0.44881,0.976114,0.699112
0.44878,0.97736,0.698433
0.449705,0.978947,0.697833
0.450062,0.980018,0.696781
0.450902,0.980695,0.695651
0.452106,0.98166,0.694589
0.452901,0.981949,0.693885
0.453817,0.981873,0.693119
0.454696,0.981474,0.692203
0.455479,0.98045,0.691232
0.456229,0.979305,0.690517
0.45649,0.977715,0.689505
0.457027,0.975941,0.688621
0.457629,0.974022,0.687878
0.458271,0.972512,0.687084
0.45918,0.971028,0.687034
0.460767,0.969901,0.687447
0.460992,0.968259,0.687041
0.462894,0.96672,0.686835
0.464325,0.965744,0.686973
0.466009,0.964505,0.687255
0.468521,0.963111,0.687566
0.470386,0.961975,0.687843
0.472797,0.960298,0.688491
0.474963,0.958518,0.688978
0.477337,0.957001,0.689803
0.478995,0.955697,0.690809
0.480978,0.954011,0.692176
0.482824,0.952763,0.693851
0.484713,0.951795,0.695652
0.486487,0.951132,0.697416
0.488351,0.950693,0.699697
0.489748,0.950337,0.70162
0.490565,0.949855,0.702982
0.491826,0.949974,0.70448
0.49209,0.949771,0.705507
0.492554,0.950104,0.705763
0.492703,0.950318,0.7057
0.492822,0.950901,0.705152
0.49311,0.951648,0.704474
0.492913,0.952484,0.703741
0.493049,0.953457,0.703058
0.493939,0.955096,0.702287
0.494611,0.956559,0.701487
0.496157,0.959179,0.701217
0.498393,0.961895,0.701319
0.498946,0.96371,0.700602
0.50065,0.966164,0.700412
0.501949,0.968154,0.699957
0.503451,0.970748,0.699452
0.505024,0.973092,0.699125
0.505405,0.975016,0.698482
0.506101,0.977105,0.697623
0.506147,0.978756,0.696819
0.506154,0.980312,0.69563
0.505855,0.98123,0.694556
0.505374,0.982331,0.693156
0.504275,0.982748,0.691632
0.503621,0.982865,0.690589
0.502381,0.982702,0.689375
0.501656,0.982098,0.68834
0.500624,0.981215,0.687204
0.500013,0.979921,0.686225
0.499432,0.978548,0.685704
0.498661,0.976906,0.685296
0.498331,0.974925,0.685193
0.496332,0.971693,0.685438
0.497116,0.97059,0.684903
0.495803,0.96815,0.684842
0.495185,0.966245,0.685323
0.493832,0.963975,0.685766
0.493407,0.962288,0.686426
0.490984,0.959879,0.686431
0.488278,0.957156,0.687105
0.487774,0.95558,0.687081
0.485771,0.953179,0.687323
0.484322,0.950904,0.687757
0.484097,0.948989,0.689368
0.482061,0.946559,0.690176
0.480976,0.944822,0.691954
0.481001,0.944164,0.694309
0.478294,0.941808,0.696683
0.477924,0.941845,0.6987
0.476227,0.940597,0.70145
0.476865,0.941447,0.702712
0.476441,0.941988,0.704071
0.477305,0.943352,0.705461
0.477172,0.944946,0.705505
0.477578,0.946331,0.705986
0.478056,0.9489,0.706237
0.478803,0.950558,0.706352
0.479276,0.952997,0.705925
0.47947,0.954653,0.705453
0.479296,0.956828,0.704767
0.478808,0.959012,0.704243
0.478397,0.961924,0.704604
0.477091,0.964329,0.703813
0.476199,0.967086,0.703456
0.476219,0.970357,0.703743
0.474885,0.972336,0.70296
0.474646,0.974667,0.702628
0.475128,0.97696,0.702723
0.474996,0.979196,0.702863
0.475633,0.980889,0.702243
0.476125,0.98258,0.701775
0.476942,0.983968,0.701234
0.478202,0.984979,0.700745
0.479408,0.985632,0.70006
0.480287,0.98587,0.699444
0.481544,0.985939,0.698498
0.482909,0.985437,0.698215
0.48447,0.98468,0.697612
0.485649,0.983545,0.696906
0.486133,0.982044,0.696334
0.487264,0.980175,0.695898
0.488295,0.978436,0.695618
0.488915,0.976442,0.695134
0.490098,0.974352,0.694958
0.491394,0.972776,0.695037
0.493039,0.971047,0.694707
0.494165,0.96937,0.69488
0.495999,0.967688,0.695413
0.498119,0.965784,0.695942
0.499959,0.963735,0.696607
0.502009,0.962189,0.697363
0.504108,0.960608,0.69777
0.506608,0.9588,0.698715
0.508034,0.956781,0.699628
0.509651,0.955278,0.700964
0.511007,0.953606,0.702463
0.512437,0.952024,0.704129
0.513938,0.950981,0.706059
0.515358,0.950136,0.707588
0.517037,0.949294,0.709244
0.517948,0.948803,0.710714
0.518791,0.948489,0.712477
0.519334,0.948549,0.713402
0.519667,0.948799,0.714121
0.519796,0.949342,0.714409
0.519681,0.950351,0.714219
0.520339,0.952134,0.714033
0.520296,0.953525,0.713401
0.520425,0.955281,0.712609
0.520691,0.956843,0.712096
0.521287,0.958586,0.710908
0.522079,0.960805,0.710148
0.523655,0.96316,0.709174
0.524834,0.966003,0.708403
0.525944,0.968223,0.7076
0.527058,0.970756,0.706855
0.528298,0.97302,0.705631
0.528814,0.975272,0.704668
0.529747,0.977547,0.703336
0.529765,0.979182,0.701975
0.530136,0.981241,0.700562
0.530305,0.98239,0.69887
0.529894,0.983777,0.697082
0.529311,0.984884,0.69531
0.52908,0.985321,0.693406
0.52827,0.985473,0.691499
0.527648,0.985647,0.689926
0.526652,0.985475,0.68803
0.526056,0.985208,0.686737
0.524955,0.984567,0.685316
0.524101,0.982839,0.683632
0.523505,0.981732,0.682516
0.522406,0.980536,0.68134
0.521143,0.978642,0.68042
0.52075,0.977721,0.679722
0.519082,0.975837,0.678363
0.51715,0.974626,0.677906
0.514864,0.973594,0.677795
0.512828,0.972501,0.678184
0.510645,0.971643,0.678053
0.507944,0.97013,0.677972
0.505968,0.969184,0.678142
0.503123,0.967575,0.677964
0.501018,0.966949,0.678786
0.497538,0.964987,0.678404
0.495351,0.963543,0.678806
0.492888,0.962072,0.679302
0.490138,0.960191,0.680147
0.488139,0.959182,0.68131
0.485607,0.95731,0.682067
0.483623,0.955863,0.683239
0.481465,0.954453,0.683589
0.479943,0.953369,0.683398
0.478646,0.952908,0.68257
0.478122,0.953069,0.68171
0.478221,0.953733,0.680722
0.478679,0.954916,0.679628
0.479015,0.95623,0.678459
0.479245,0.958045,0.67703
0.479188,0.959444,0.675472
0.479579,0.961616,0.673734
0.478375,0.962792,0.671645
0.477509,0.964043,0.67031
0.477257,0.966394,0.669512
0.475435,0.96767,0.668274
0.474891,0.96918,0.667608
0.474324,0.971094,0.666698
0.474364,0.97274,0.665829
0.474242,0.974434,0.664845
0.474576,0.975669,0.664288
0.475166,0.97706,0.663014
0.475518,0.978613,0.662167
0.476168,0.979996,0.661249
0.476833,0.981004,0.660437
0.477503,0.981744,0.65976
0.478191,0.981897,0.658755
0.478891,0.981509,0.658078
0.479751,0.980826,0.657806
0.480195,0.980171,0.657362
0.480614,0.978748,0.656775
0.481282,0.977508,0.656475
0.48177,0.975986,0.655996
0.482022,0.974007,0.655995
0.482696,0.972334,0.656074
0.483077,0.970459,0.655921
0.48425,0.968913,0.656089
0.484872,0.967447,0.65631
0.486073,0.96624,0.656776
0.487511,0.964628,0.657493
0.488879,0.963296,0.65787
0.490445,0.961826,0.658752
0.492035,0.960574,0.659726
0.49363,0.958931,0.661089
0.495446,0.957222,0.662421
0.496816,0.955915,0.663529
0.498861,0.954433,0.664843
0.499682,0.952869,0.666021
0.501187,0.95174,0.667437
0.501583,0.950963,0.668386
0.502102,0.950749,0.669007
0.502792,0.951269,0.66969
0.502807,0.951905,0.669839
0.503333,0.953207,0.669792
0.503155,0.954294,0.669238
0.503739,0.955484,0.668486
0.505312,0.957376,0.668298
0.505407,0.958206,0.667169
0.506853,0.960406,0.666816
0.507822,0.961912,0.666523
0.509806,0.964152,0.666633
0.510943,0.966468,0.666676
0.512628,0.968472,0.66675
0.514044,0.970993,0.666529
0.515393,0.973213,0.666156
0.517254,0.975557,0.666175
0.51773,0.977382,0.665148
0.518697,0.979247,0.664003
0.51933,0.980837,0.662954
0.519563,0.982281,0.662235
0.52033,0.983564,0.66119
0.52034,0.984078,0.660279
0.52028,0.984448,0.659101
0.520007,0.984585,0.658223
0.519292,0.984467,0.657354
0.518828,0.984079,0.656571
0.518335,0.983495,0.655965
0.518159,0.982386,0.655702
0.51724,0.980528,0.654215
0.516357,0.979052,0.653707
0.515741,0.977561,0.653406
0.51537,0.975827,0.653409
0.514156,0.974088,0.653291
0.514226,0.972725,0.653935
0.512793,0.970535,0.653749
0.51063,0.968192,0.654093
0.509784,0.966606,0.654755
0.50749,0.964303,0.656082
0.506233,0.963077,0.656733
0.503879,0.961075,0.657642
0.501167,0.95892,0.659842
0.49996,0.957747,0.660841
0.497561,0.955549,0.662748
0.4963,0.954056,0.665451
0.494625,0.952251,0.66796
0.491912,0.950254,0.670238
0.490471,0.949123,0.672234
0.488758,0.947786,0.674156
0.487721,0.947528,0.675592
0.486819,0.947615,0.676229
0.487173,0.948634,0.676734
0.48735,0.949715,0.67676
0.487998,0.951759,0.676719
0.48922,0.95371,0.676911
0.490642,0.955878,0.676917
0.491067,0.958,0.676346
0.490796,0.960165,0.67524
0.490458,0.962367,0.674454
0.488977,0.964387,0.673898
0.487285,0.966965,0.672808
0.485772,0.969206,0.673023
0.483281,0.970474,0.672116
0.482074,0.972013,0.671818
0.480893,0.973764,0.671781
0.480196,0.975414,0.671812
0.479704,0.976583,0.671549
0.479801,0.977717,0.671347
0.479977,0.978406,0.67112
0.480299,0.979,0.670759
0.481082,0.979604,0.67007
0.481871,0.97976,0.669392
0.48281,0.979566,0.668495
0.48372,0.979043,0.668024
0.48505,0.97822,0.667357
0.486019,0.977272,0.667104
0.487605,0.975899,0.667053
0.488052,0.974367,0.667019
0.488791,0.972791,0.667421
0.489215,0.971381,0.667778
0.489968,0.969963,0.668439
0.489872,0.967934,0.668763
0.490656,0.966748,0.669587
0.491242,0.965935,0.670308
0.492168,0.965066,0.670873
0.493179,0.963747,0.671843
0.494048,0.962599,0.672472
0.495705,0.961468,0.673462
0.497104,0.959823,0.674491
0.498652,0.958282,0.675165
0.500593,0.956357,0.676759
0.502094,0.954485,0.677906
0.503196,0.952296,0.679513
0.50471,0.950579,0.681181
0.506523,0.948992,0.683004
0.5074,0.947424,0.684728
0.508541,0.946046,0.686969
0.509255,0.945294,0.688438
0.510259,0.944784,0.690114
0.510487,0.944535,0.691159
0.510474,0.944468,0.692122
0.510487,0.944616,0.692731
0.510532,0.945211,0.693369
0.510407,0.945896,0.693285
0.510323,0.947101,0.692813
0.510692,0.948277,0.692509
0.511,0.949244,0.692026
0.511315,0.950474,0.691519
0.51269,0.952737,0.690835
0.514769,0.955468,0.690895
0.515457,0.957392,0.690408
0.517364,0.95992,0.690404
0.518727,0.962441,0.690409
0.520006,0.96463,0.690251
0.52133,0.967303,0.689965
0.522244,0.969539,0.689597
0.522601,0.971677,0.689018
0.523165,0.973529,0.688509
0.52322,0.975132,0.687769
0.52333,0.976632,0.687088
0.523007,0.977284,0.686347
0.522574,0.977547,0.685587
0.521963,0.977486,0.684752
0.521008,0.97703,0.683653
0.519957,0.97611,0.682846
0.518599,0.974924,0.68203
0.517632,0.973764,0.681251
0.516891,0.972294,0.680963
0.515323,0.970082,0.679752
0.514164,0.968097,0.679335
0.512859,0.965804,0.678804
0.511906,0.964056,0.678714
0.510397,0.961809,0.678736
0.509086,0.960021,0.679225
0.507289,0.958147,0.679417
0.506826,0.956924,0.68045
0.504025,0.954722,0.680467
0.501963,0.952979,0.681295
0.500296,0.952236,0.682704
0.497384,0.950307,0.682952
0.495167,0.949024,0.683566
0.492853,0.947304,0.684933
0.490126,0.94556,0.68602
0.488365,0.944201,0.687696
0.486155,0.942519,0.68933
0.484765,0.941997,0.691724
0.482027,0.94054,0.692995
0.480887,0.940407,0.695672
0.47829,0.939283,0.696963
0.477122,0.939665,0.69855
0.47628,0.93998,0.699446
0.474107,0.939815,0.700701
0.47497,0.942003,0.7005
0.474325,0.943797,0.700729
0.475158,0.945858,0.701268
0.47393,0.947329,0.700548
0.474803,0.949679,0.700522
0.473124,0.951266,0.699266
0.471711,0.953092,0.69864
0.470944,0.955447,0.697995
0.469,0.957516,0.697311
0.467422,0.960031,0.696882
0.465851,0.962127,0.696475
0.464806,0.964489,0.6958
0.463662,0.966546,0.695123
0.462913,0.968517,0.694903
0.462708,0.970697,0.694388
0.462552,0.972092,0.693945
0.46263,0.973661,0.693344
0.463285,0.975086,0.692821
0.463788,0.976014,0.692324
0.464516,0.976874,0.691529
0.465333,0.977448,0.690974
0.466097,0.977308,0.689976
0.467097,0.977311,0.689129
0.469097,0.977161,0.689272
0.468841,0.976373,0.688261
0.469676,0.975775,0.687608
0.47074,0.974671,0.687243
0.471178,0.973451,0.687316
0.471833,0.972242,0.687747
0.472869,0.971314,0.688284
0.473757,0.970478,0.688657
0.47513,0.969328,0.688877
0.476575,0.968554,0.689626
0.478096,0.967241,0.690389
0.479271,0.965874,0.691361
0.48137,0.964474,0.692447
0.483435,0.962756,0.693441
0.485352,0.961003,0.693972
0.487432,0.959192,0.695346
0.489185,0.957354,0.696593
0.491043,0.955083,0.698255
0.492254,0.952799,0.699711
0.494305,0.951079,0.701779
0.495703,0.949069,0.703381
0.4972,0.947629,0.705132
0.498416,0.946185,0.706807
0.499757,0.945339,0.708612
0.500348,0.944417,0.710019
0.501724,0.944496,0.711696
0.502223,0.944599,0.712467
0.50242,0.945212,0.712852
0.503101,0.946545,0.713316
0.503477,0.947367,0.713215
0.503956,0.948413,0.712923
0.504783,0.949436,0.713006
0.505434,0.950732,0.712615
0.505971,0.952105,0.711825
0.507975,0.954344,0.711529
0.508805,0.956168,0.711148
0.510907,0.959101,0.711088
0.510867,0.960592,0.710462
0.512629,0.963167,0.710412
0.51463,0.966169,0.710943
0.514967,0.967932,0.710054
0.516459,0.97057,0.71033
0.516474,0.972186,0.709373
0.517057,0.974053,0.708776
0.517043,0.975602,0.708139
0.516408,0.976313,0.707653
0.515792,0.976935,0.706812
0.514994,0.976747,0.706258
0.514245,0.97654,0.705641
0.512975,0.975947,0.704803
0.51193,0.974953,0.704137
0.510526,0.97366,0.703209
0.509524,0.972153,0.702805
0.508436,0.970014,0.702136
0.507726,0.968467,0.701763
0.506601,0.965863,0.701237
0.505949,0.964252,0.701208
0.504619,0.961758,0.701305
0.503921,0.960267,0.701627
0.502383,0.95789,0.701847
0.501456,0.955892,0.702534
0.500196,0.953942,0.703519
0.499631,0.95197,0.70483
0.497434,0.949929,0.705333
0.495498,0.948012,0.706886
0.493604,0.946272,0.707865
0.491972,0.944347,0.709006
0.490645,0.942284,0.710782
0.488642,0.940111,0.71233
0.486996,0.938365,0.714292
0.485389,0.936782,0.716375
0.483667,0.935299,0.718678
0.482411,0.934639,0.720341
0.481328,0.933922,0.722258
0.480134,0.933388,0.724053
0.479668,0.933385,0.725194
0.478955,0.934138,0.726162
0.478814,0.935163,0.726915
0.479145,0.936874,0.727783
0.479009,0.93884,0.728379
0.478727,0.940391,0.72861
0.479069,0.94246,0.728604
0.479105,0.944449,0.72912
0.477644,0.945858,0.728398
0.476372,0.948085,0.727783
0.474744,0.950586,0.727689
0.472996,0.953152,0.727358
0.470779,0.955426,0.726805
0.469463,0.958489,0.726543
0.468183,0.960897,0.726129
0.467444,0.963706,0.725943
0.466508,0.965966,0.725963
0.466288,0.968314,0.725845
0.466076,0.970496,0.725415
0.466436,0.972339,0.725193
0.466677,0.973874,0.724941
0.467433,0.975587,0.724816
0.468059,0.976201,0.724163
0.468497,0.976506,0.723551
0.46906,0.976603,0.723051
0.469804,0.976371,0.722322
0.47027,0.975792,0.72168
0.471313,0.974862,0.721179
0.471867,0.974044,0.720667
0.472821,0.972765,0.72025
0.473114,0.971368,0.720212
0.47389,0.969747,0.720331
0.47489,0.968813,0.720287
0.475685,0.967502,0.720433
0.476865,0.966443,0.720704
0.478222,0.965064,0.720881
0.479594,0.963673,0.720945
0.481233,0.962301,0.721591
0.483027,0.960422,0.722538
0.484421,0.958437,0.722967
0.486603,0.95674,0.723585
0.488372,0.954955,0.72439
0.489895,0.952886,0.725387
0.49207,0.950748,0.725837
0.493136,0.948407,0.727208
0.494877,0.946756,0.728799
0.496466,0.945157,0.730065
0.498117,0.944042,0.73157
0.499302,0.942473,0.732951
0.500592,0.941621,0.734446
0.501419,0.940583,0.735916
0.502686,0.940247,0.737327
0.503389,0.94021,0.738322
0.504062,0.940584,0.739053
0.504538,0.941255,0.739086
0.504909,0.942629,0.738885
0.505015,0.943696,0.738519
0.5052,0.944991,0.737591
0.50547,0.946552,0.736863
0.505931,0.947892,0.736149
0.506986,0.950078,0.735126
0.508055,0.952262,0.734431
0.509745,0.954991,0.733899
0.511592,0.95803,0.733634
0.513444,0.960713,0.733462
0.515223,0.96319,0.733313
0.516955,0.96552,0.7332
0.518093,0.967873,0.732908
0.519522,0.97024,0.732742
0.519938,0.97186,0.732392
0.520786,0.973857,0.731799
0.520852,0.974936,0.731218
0.520624,0.975694,0.730429
0.520421,0.976074,0.729626
0.520124,0.976016,0.728775
0.519697,0.975489,0.727616
0.519194,0.974773,0.726663
0.518147,0.973356,0.72577
0.517891,0.971585,0.724732
0.516771,0.969446,0.723849
0.516513,0.967306,0.723169
0.515526,0.964553,0.722492
0.515329,0.962463,0.722012
0.514386,0.959739,0.721815
0.513732,0.957478,0.721793
0.513166,0.955244,0.721758
0.512137,0.953143,0.721941
0.511521,0.951164,0.722374
0.51051,0.949361,0.72291
0.509323,0.947694,0.723442
0.508139,0.946148,0.724214
0.507137,0.94493,0.72518
0.505527,0.943533,0.72654
0.504341,0.942827,0.72725
0.50287,0.941729,0.728591
0.501032,0.940216,0.730383
0.499718,0.939229,0.731639
0.49767,0.937701,0.733707
0.49663,0.937355,0.73518
0.494703,0.936274,0.736689
0.492244,0.934951,0.738983
0.492038,0.935738,0.739975
0.491619,0.936473,0.740811
0.491275,0.937714,0.741577
0.491469,0.939742,0.742178
0.491105,0.941408,0.742791
0.491178,0.942818,0.742835
0.491586,0.945262,0.743093
0.491395,0.947069,0.743285
0.491395,0.949341,0.74295
0.49067,0.951344,0.742477
0.489757,0.953483,0.741737
0.487964,0.956293,0.741085
0.486443,0.958848,0.740425
0.484906,0.96119,0.739772
0.483456,0.964197,0.739138
0.482176,0.966137,0.738463
0.481446,0.968339,0.737864
0.48046,0.97029,0.737495
0.480154,0.972324,0.73689
0.479935,0.973533,0.736344
0.479823,0.97506,0.735704
0.480359,0.976347,0.735016
0.480664,0.976932,0.734385
0.481141,0.977024,0.733536
0.48159,0.977005,0.732767
0.482276,0.976381,0.731667
0.48291,0.975551,0.730977
0.483473,0.973888,0.729691
0.483758,0.972338,0.728878
0.48425,0.970556,0.728292
0.48414,0.968353,0.727562
0.484789,0.966627,0.727199
0.484984,0.964675,0.727239
0.485372,0.963008,0.727159
0.485941,0.961969,0.727306
0.487037,0.961112,0.727546
0.487939,0.96008,0.727893
0.489433,0.958787,0.728408
0.490989,0.957625,0.729044
0.493002,0.956331,0.729106
0.49497,0.954932,0.729672
0.496601,0.953359,0.730381
0.49841,0.951198,0.731202
0.500284,0.949371,0.732198
0.502115,0.947504,0.733162
0.503865,0.94599,0.734157
0.505402,0.944505,0.735061
0.506765,0.943423,0.736117
0.508375,0.94282,0.737221
0.50936,0.942688,0.738656
0.510273,0.94315,0.739562
0.511184,0.94372,0.740351
0.511918,0.944611,0.740591
0.512117,0.945576,0.740677
0.512607,0.946927,0.740508
0.513272,0.948395,0.740153
0.513483,0.949582,0.739549
0.514404,0.951239,0.738928
0.515411,0.952957,0.738088
0.517329,0.955097,0.737292
0.519069,0.956968,0.736395
0.52155,0.959328,0.735994
0.52414,0.961687,0.735674
0.526078,0.963213,0.735175
0.528304,0.965385,0.7351
0.530282,0.967358,0.734744
0.531953,0.968893,0.734185
0.533263,0.970815,0.733571
0.534034,0.972106,0.732949
0.534654,0.973546,0.732319
0.535028,0.974624,0.731432
0.534966,0.975169,0.730688
0.534784,0.975107,0.729208
0.534497,0.974865,0.728299
0.533984,0.974376,0.727324
0.532977,0.972803,0.726246
0.532683,0.971878,0.725343
0.53242,0.970281,0.724262
0.531365,0.967985,0.723455
0.531002,0.966284,0.722647
0.5302,0.964046,0.721637
0.52986,0.961809,0.720907
0.529014,0.95963,0.72043
0.527998,0.957773,0.720121
0.526869,0.955884,0.720095
0.525704,0.954159,0.72007
0.524325,0.952367,0.720393
0.522615,0.950405,0.720566
0.521014,0.948895,0.720946
0.518878,0.947111,0.721463
0.517221,0.945985,0.722296
0.514749,0.944252,0.723136
0.513132,0.942919,0.724001
0.510812,0.940968,0.725211
0.508896,0.93927,0.72624
0.506857,0.93804,0.727799
0.504869,0.936789,0.728947
0.503253,0.935985,0.730049
0.501751,0.935549,0.731342
0.500869,0.936018,0.73195
0.500072,0.936835,0.732216
0.499688,0.938248,0.732676
0.499086,0.939669,0.732847
0.49864,0.941659,0.73339
0.498474,0.944039,0.733209
0.498014,0.945759,0.733004
0.497164,0.947555,0.732605
0.49627,0.949961,0.732124
0.494736,0.951657,0.731489
0.492862,0.953536,0.730812
0.491297,0.956589,0.730673
0.489351,0.958757,0.729744
0.487991,0.961263,0.72904
0.486385,0.963745,0.72861
0.485914,0.966486,0.727931
0.484383,0.968435,0.726889
0.484351,0.970804,0.726701
0.483734,0.972862,0.72638
0.483736,0.974515,0.725668
0.483937,0.976076,0.724835
0.4842,0.977071,0.724164
0.484629,0.977856,0.723443
0.485127,0.977969,0.722726
0.485532,0.977995,0.722059
0.485998,0.97773,0.72136
0.486658,0.977065,0.720325
0.48725,0.976158,0.719435
0.487374,0.975007,0.718507
0.487701,0.973646,0.7177
0.488829,0.972634,0.717931
0.488745,0.9709,0.716955
0.488739,0.969098,0.716789
0.489578,0.96785,0.71671
0.490257,0.966621,0.716162
0.491217,0.964923,0.716207
0.49209,0.963497,0.716441
0.493509,0.961918,0.717218
0.494937,0.960339,0.717807
0.496103,0.958529,0.71808
0.497964,0.957055,0.719035
0.499479,0.955448,0.719871
0.500659,0.953176,0.7206
0.502416,0.95164,0.72172
0.50412,0.949991,0.722519
0.50524,0.948294,0.723354
0.506761,0.947047,0.724127
0.507824,0.94588,0.724466
0.509011,0.945013,0.724643
0.510048,0.944586,0.724389
0.511082,0.944664,0.724321
0.51178,0.945423,0.7239
0.512595,0.946781,0.723345
0.513612,0.948523,0.722462
0.514775,0.950541,0.721826
0.51591,0.95245,0.721073
0.517329,0.954333,0.720364
0.519195,0.956776,0.719898
0.521302,0.958854,0.719504
0.523144,0.960862,0.71909
0.525343,0.963412,0.718558
0.528097,0.966194,0.71839
0.529051,0.967705,0.717866
0.53072,0.970122,0.716797
0.532565,0.972599,0.715724
0.533325,0.974234,0.714737
0.534219,0.976495,0.713566
0.534584,0.977766,0.712374
0.534902,0.978707,0.711017
0.535239,0.980077,0.709841
0.534724,0.98042,0.708535
0.534025,0.980355,0.707138
0.533794,0.979932,0.70559
0.532104,0.978749,0.704495
0.531002,0.977919,0.70327
0.529597,0.976788,0.702008
0.527706,0.974733,0.700639
0.527036,0.973474,0.699804
0.524518,0.970784,0.698157
0.523216,0.968678,0.697439
0.52121,0.96679,0.696567
0.518891,0.964903,0.695789
0.516818,0.963163,0.695453
0.515357,0.961687,0.695647
0.512378,0.95965,0.695299
0.509848,0.958097,0.695323
0.507112,0.956758,0.695472
0.504323,0.955614,0.696154
0.501537,0.954173,0.696573
0.498681,0.952758,0.696925
0.495919,0.951843,0.698354
0.492275,0.949754,0.698674
0.489288,0.948402,0.699322
0.486227,0.947304,0.700537
0.483854,0.946326,0.701139
0.48143,0.945442,0.70152
0.480304,0.945632,0.701722
0.477802,0.94575,0.700905
0.477111,0.946862,0.700939
0.47661,0.947726,0.700577
0.476293,0.9493,0.700078
0.475928,0.950504,0.699472
0.475171,0.952026,0.69858
0.475122,0.954014,0.697681
0.473749,0.95539,0.696595
0.471404,0.957282,0.695556
0.469827,0.95931,0.694787
0.467625,0.960932,0.693786
0.465491,0.963153,0.693089
0.464042,0.965303,0.692233
0.461658,0.967185,0.690833
0.460561,0.969174,0.689958
0.459599,0.97143,0.689696
0.458443,0.973027,0.688899
0.458097,0.974532,0.68813
0.457624,0.976281,0.687333
0.457336,0.97731,0.686704
0.457538,0.978258,0.685823
0.45731,0.97885,0.685097
0.457385,0.978986,0.684473
0.457873,0.97866,0.683936
0.4584,0.97813,0.683213
0.458988,0.977455,0.682667
0.459417,0.976035,0.682155
0.459912,0.975004,0.681853
0.460902,0.973304,0.681364
0.461223,0.971257,0.680996
0.462299,0.969723,0.681054
0.463564,0.967998,0.680975
0.464319,0.966135,0.681052
0.465657,0.964693,0.681458
0.467067,0.962281,0.681481
0.469061,0.960815,0.682101
0.47044,0.959374,0.682856
0.472035,0.957745,0.68361
0.473757,0.955371,0.684861
0.474983,0.953305,0.685627
0.476761,0.951538,0.687019
0.478001,0.949335,0.688144
0.479107,0.947518,0.689005
0.479991,0.946219,0.689697
0.481285,0.944721,0.690218
0.481905,0.94411,0.690634
0.482224,0.944028,0.690911
0.482478,0.944403,0.690928
0.482884,0.945457,0.690666
0.482689,0.94685,0.690629
0.483474,0.948535,0.689847
0.483991,0.95006,0.689116
0.484631,0.952179,0.688147
0.485537,0.953918,0.687228
0.486729,0.956589,0.686389
0.48844,0.958849,0.685939
0.489573,0.961226,0.685346
0.491557,0.964075,0.685081
0.493085,0.966945,0.684567
0.494345,0.969062,0.683909
0.495246,0.971918,0.683445
0.496661,0.974625,0.683018
0.497093,0.97685,0.681809
0.497753,0.978771,0.680923
0.497903,0.980585,0.679876
0.498306,0.98185,0.678694
0.498276,0.982607,0.677695
0.498053,0.982992,0.676334
0.497305,0.983004,0.675189
0.49683,0.982786,0.674317
0.495896,0.982327,0.673108
0.49524,0.981297,0.672195
0.494786,0.979702,0.670672
0.494376,0.97845,0.669882
0.494718,0.977189,0.66961
0.493122,0.974842,0.668514
0.492647,0.972759,0.667759
0.491936,0.970614,0.667359
0.491301,0.96916,0.66732
0.490416,0.967163,0.667683
0.489179,0.965992,0.667945
0.487807,0.964651,0.668812
0.486279,0.963478,0.669632
0.484257,0.962123,0.67043
0.482791,0.960793,0.671218
0.480691,0.959067,0.672198
0.479847,0.957689,0.673797
0.477047,0.955469,0.674713
0.47487,0.953767,0.675978
0.473231,0.952231,0.676918
0.471121,0.950707,0.67742
0.469581,0.94962,0.678017
0.468357,0.949117,0.67788
0.468381,0.949589,0.678658
0.468168,0.949985,0.678734
0.467631,0.95057,0.678505
0.467424,0.951995,0.678608
0.467842,0.953865,0.678604
0.467444,0.955429,0.678387
0.466953,0.956676,0.678136
0.46612,0.958827,0.678428
0.464966,0.960218,0.678493
0.46419,0.9617,0.678975
0.463141,0.963681,0.679452
0.462043,0.965208,0.679764
0.461994,0.967199,0.679898
0.461688,0.969469,0.680008
0.461903,0.970871,0.680038
0.462755,0.972853,0.679976
0.463367,0.974148,0.679854
0.465321,0.976138,0.680108
0.465906,0.97709,0.67963
0.46691,0.978401,0.679271
0.468487,0.97936,0.679137
0.469842,0.979744,0.678905
0.471519,0.979494,0.678584
0.473172,0.97919,0.678784
0.474349,0.978436,0.678721
0.475758,0.977514,0.678673
0.47743,0.976064,0.67838
0.479059,0.97455,0.678441
0.480417,0.972669,0.678792
0.482012,0.970732,0.678874
0.483819,0.969041,0.679673
0.484792,0.966891,0.679947
0.486934,0.965246,0.680024
0.488869,0.963581,0.680722
0.491082,0.961554,0.681701
0.493587,0.959567,0.682335
0.495352,0.957402,0.683391
0.497464,0.955044,0.684763
0.499161,0.952488,0.686065
0.501338,0.950007,0.687776
0.502742,0.947854,0.689622
0.504547,0.945544,0.691826
0.505436,0.943555,0.69363
0.506907,0.942106,0.695951
0.50767,0.940895,0.697435
0.508674,0.940285,0.699
0.50862,0.940774,0.699856
0.508588,0.941846,0.701448
0.509139,0.943549,0.701893
0.509437,0.945839,0.702088
0.5095,0.947527,0.701929
0.510618,0.95002,0.701801
0.5111,0.951735,0.70181
0.512922,0.954821,0.701892
0.51536,0.957899,0.702356
0.516663,0.96045,0.702123
0.518818,0.963558,0.702412
0.521031,0.966233,0.702885
0.523085,0.969043,0.702955
0.524721,0.971489,0.702825
0.526495,0.974438,0.702666
0.528283,0.976848,0.702295
0.528893,0.978884,0.701799
0.530027,0.981088,0.701034
0.530605,0.982351,0.700423
0.53089,0.983637,0.699087
0.532014,0.984648,0.698741
0.530867,0.984587,0.697285
0.530506,0.984462,0.696348
0.529514,0.983393,0.694904
0.52931,0.982537,0.693815
0.528344,0.98163,0.692713
0.527918,0.980365,0.691697
0.527256,0.978576,0.69049
0.526963,0.976614,0.689496
0.526396,0.974491,0.688964
0.526645,0.972595,0.688986
0.525597,0.970366,0.68846
0.523896,0.967063,0.688798
0.52442,0.966276,0.688015
0.522887,0.963748,0.688746
0.522095,0.962498,0.688972
0.520728,0.960672,0.689608
0.518703,0.959147,0.690337
0.516661,0.957079,0.691218
0.515435,0.9559,0.692641
0.512801,0.953521,0.693187
0.51037,0.951428,0.693928
0.508494,0.950108,0.695689
0.506158,0.94796,0.696789
0.504522,0.94663,0.698355
0.502643,0.945165,0.699844
0.501126,0.944438,0.701283
0.499303,0.943313,0.702399
0.498208,0.943101,0.703052
0.497577,0.943439,0.70348
0.496722,0.944512,0.703645
0.496606,0.946068,0.703897
0.497389,0.947886,0.704363
0.496765,0.949342,0.703686
0.496405,0.951153,0.703279
0.496089,0.952969,0.702966
0.495403,0.955201,0.702113
0.494407,0.956679,0.701384
0.493537,0.959092,0.700738
0.492044,0.961306,0.700255
0.490344,0.963506,0.69997
0.489018,0.966199,0.699647
0.488085,0.968424,0.699113
0.487474,0.970756,0.699125
0.487081,0.973004,0.698771
0.487088,0.975107,0.698527
0.487232,0.976675,0.698272
0.487458,0.978776,0.697685
0.487732,0.980015,0.697282
0.488268,0.981154,0.69656
0.488982,0.981987,0.695999
0.489428,0.982293,0.695353
0.490088,0.982229,0.694586
0.490769,0.981713,0.694036
0.491792,0.980762,0.693131
0.492526,0.979752,0.692299
0.493214,0.978013,0.691779
0.493806,0.976089,0.691126
0.494876,0.974447,0.690727
0.495542,0.972356,0.690643
0.496397,0.970592,0.690306
0.4971,0.968644,0.690564
0.498299,0.967097,0.690759
0.499701,0.965493,0.690666
0.501623,0.964015,0.690864
0.502967,0.962032,0.691336
0.504573,0.959901,0.691497
0.506373,0.958205,0.692177
0.507832,0.956012,0.692943
0.509411,0.954089,0.693916
0.511091,0.951458,0.694645
0.512288,0.949609,0.696112
0.513404,0.94813,0.697625
0.514958,0.946347,0.699672
0.515999,0.945112,0.701393
0.516884,0.94433,0.703196
0.517537,0.944031,0.705591
0.518138,0.944007,0.707224
0.518352,0.944377,0.708547
0.518387,0.945108,0.709606
0.518181,0.945861,0.710233
0.517827,0.947813,0.71052
0.517377,0.94915,0.710321
0.51683,0.950634,0.709928
0.516778,0.952209,0.709463
0.516696,0.954114,0.708958
0.517199,0.955852,0.708435
0.517815,0.958142,0.707969
0.519039,0.960671,0.707761
0.520109,0.963846,0.707882
0.521189,0.966234,0.707969
0.522535,0.968607,0.707917
0.523514,0.971227,0.70759
0.524239,0.973243,0.70715
0.525037,0.975676,0.706594
0.525515,0.977483,0.706201
0.525631,0.979624,0.705198
0.525703,0.981149,0.704463
0.525537,0.982505,0.703325
0.524795,0.983485,0.702079
0.524207,0.984058,0.700751
0.523559,0.984213,0.69976
0.522358,0.984107,0.698543
0.521339,0.983476,0.697691
0.52019,0.982631,0.696467
0.519603,0.981415,0.695708
0.518882,0.980056,0.69422
0.517574,0.978012,0.693367
0.517253,0.976396,0.692948
0.515741,0.974129,0.692213
0.515582,0.972235,0.691802
0.514189,0.969801,0.691269
0.514425,0.968511,0.691834
0.511931,0.965909,0.692052
0.510204,0.963978,0.692185
0.508905,0.962013,0.69299
0.50664,0.960321,0.693669
0.504745,0.958629,0.694458
0.502176,0.956495,0.69538
0.499961,0.954218,0.696139
0.498103,0.951768,0.697316
0.496392,0.949904,0.699485
0.493604,0.947345,0.700495
0.491786,0.945324,0.702307
0.489754,0.943812,0.703863
0.488749,0.943018,0.706359
0.486612,0.942131,0.706942
0.485737,0.942298,0.707878
0.485535,0.9435,0.709298
0.484994,0.944808,0.709231
0.48571,0.946508,0.709836
0.485614,0.948066,0.710184
0.486663,0.950682,0.710897
0.486158,0.952239,0.71065
0.485935,0.953726,0.7103
0.485104,0.955684,0.709794
0.483785,0.957426,0.709448
0.482131,0.959509,0.70937
0.480737,0.961608,0.709208
0.478916,0.963903,0.709496
0.477465,0.966182,0.709154
0.476473,0.968164,0.708969
0.476614,0.970609,0.709331
0.475858,0.972385,0.708985
0.475555,0.974051,0.708932
0.476021,0.976007,0.708862
0.476034,0.977351,0.708321
0.47659,0.978895,0.707883
0.477445,0.979905,0.707123
0.478044,0.980504,0.706707
0.479084,0.980866,0.706373
0.479858,0.980782,0.70604
0.481172,0.980012,0.705492
0.482041,0.979232,0.704971
0.482618,0.978229,0.70443
0.483732,0.977119,0.704299
0.484879,0.975425,0.703966
0.485257,0.97364,0.703781
0.486214,0.972115,0.703898
0.487827,0.971202,0.704527
0.4884,0.969587,0.704215
0.489414,0.968027,0.704588
0.490857,0.966637,0.704983
0.492307,0.964296,0.704924
0.494399,0.962699,0.706024
0.495924,0.96095,0.706837
0.498097,0.959216,0.708188
0.499569,0.956502,0.709157
0.501403,0.954525,0.710559
0.502381,0.952067,0.712185
0.503365,0.949851,0.714249
0.504837,0.947796,0.716139
0.50545,0.946048,0.717927
0.506242,0.944666,0.719802
0.50646,0.943519,0.721811
0.506388,0.943061,0.72354
0.506525,0.943041,0.725025
0.506275,0.943357,0.726386
0.505752,0.944174,0.726991
0.50549,0.945638,0.727643
0.504866,0.946978,0.727724
0.504725,0.948643,0.727545
0.504864,0.950214,0.727268
0.504702,0.951661,0.727271
0.505993,0.954176,0.726614
0.506611,0.956464,0.72634
0.508153,0.959301,0.726261
0.509309,0.962355,0.726298
0.510656,0.96544,0.726681
0.511802,0.967659,0.726451
0.513181,0.970488,0.726565
0.513906,0.972929,0.726125
0.515124,0.975571,0.725717
0.515357,0.977392,0.724906
0.515893,0.979629,0.724101
0.515823,0.980873,0.723208
0.515406,0.982041,0.722314
0.515215,0.983091,0.721066
0.514408,0.98326,0.719884
0.513422,0.982745,0.718751
0.512268,0.982506,0.717441
0.511446,0.98192,0.716261
0.510573,0.981029,0.714982
0.510247,0.979896,0.713788
0.509188,0.978122,0.712418
0.509331,0.976876,0.711857
0.508024,0.974418,0.710569
0.508131,0.972447,0.709742
0.507254,0.970649,0.709299
0.507487,0.969406,0.709657
0.506078,0.967275,0.709373
0.504922,0.966076,0.709431
0.503766,0.964731,0.709857
0.502231,0.963273,0.710587
0.5001,0.961256,0.711434
0.499024,0.960488,0.712015
0.497628,0.959671,0.71317
0.495245,0.957674,0.714061
0.493455,0.95577,0.715161
0.491829,0.954318,0.716579
0.490128,0.952286,0.718312
0.489536,0.951411,0.720528
0.487604,0.949375,0.722201
0.486528,0.948389,0.723602
0.484826,0.947225,0.72503
0.483586,0.946559,0.725511
0.482645,0.946666,0.725554
0.482249,0.94742,0.725296
0.482673,0.948715,0.724882
0.48297,0.950397,0.724317
0.48414,0.952626,0.724207
0.484819,0.95459,0.723505
0.484856,0.956819,0.722382
0.484309,0.958779,0.720715
0.483386,0.961005,0.719501
0.481172,0.963181,0.718721
0.4792,0.965184,0.717759
0.477221,0.967481,0.716646
0.475029,0.969463,0.715987
0.473691,0.97118,0.715191
0.47271,0.973299,0.714361
0.471902,0.975031,0.713632
0.471416,0.976182,0.712766
0.471026,0.977299,0.71167
0.470841,0.978109,0.710651
0.471427,0.978941,0.709268
0.472025,0.979489,0.708058
0.473179,0.979803,0.706434
0.474415,0.979674,0.705149
0.475436,0.979357,0.704192
0.47712,0.97835,0.702695
0.478033,0.977714,0.701869
0.479128,0.976686,0.701037
0.479951,0.975462,0.70008
0.480436,0.974456,0.699532
0.481056,0.973316,0.699232
0.482075,0.972335,0.699588
0.482032,0.970461,0.698724
0.482313,0.969225,0.698817
0.483117,0.968159,0.69916
0.483824,0.967399,0.699459
0.485224,0.96627,0.700136
0.486194,0.964995,0.700697
0.487641,0.963459,0.701227
0.489219,0.962205,0.702339
0.490488,0.960412,0.703254
0.491637,0.958483,0.704351
0.493392,0.956854,0.705474
0.494364,0.954565,0.706647
0.495935,0.952637,0.707869
0.496877,0.951306,0.70877
0.497535,0.949453,0.709744
0.49786,0.9484,0.710447
0.498044,0.948041,0.710842
0.498051,0.94809,0.711145
0.497859,0.948545,0.711154
0.497555,0.949444,0.710948
0.497244,0.950964,0.71067
0.497064,0.951949,0.710067
0.496869,0.953256,0.709408
0.497576,0.955066,0.708419
0.498031,0.956255,0.70798
0.499793,0.958557,0.707205
0.500591,0.960526,0.706663
0.502437,0.962821,0.706654
0.504728,0.965326,0.706868
0.505183,0.967008,0.706268
0.505917,0.969285,0.705822
0.507218,0.971563,0.704864
0.508161,0.973823,0.704519
0.508764,0.975839,0.703566
0.509539,0.978103,0.703228
0.509079,0.979686,0.701841
0.50908,0.980635,0.700723
0.50878,0.981646,0.69997
0.508635,0.982747,0.69846
0.508056,0.983157,0.697569
0.507592,0.983249,0.696798
0.506925,0.982795,0.696031
0.506112,0.982169,0.695065
0.505713,0.981175,0.694543
0.505327,0.980304,0.693595
0.505751,0.979204,0.693361
0.504165,0.97733,0.692503
0.503427,0.975914,0.691805
0.502541,0.97449,0.691701
0.502536,0.973313,0.692101
0.500374,0.971287,0.691657
0.49934,0.970108,0.691854
0.497403,0.968206,0.692056
0.496062,0.966777,0.692358
0.494056,0.964726,0.693116
0.492548,0.963392,0.693971
0.490334,0.961184,0.694566
0.488413,0.958697,0.695407
0.487346,0.956758,0.697071
0.484963,0.954319,0.697925
0.482728,0.951782,0.698787
0.48126,0.949728,0.699837
0.479604,0.94834,0.700807
0.478112,0.946871,0.700749
0.477461,0.946103,0.700517
0.477379,0.946191,0.700189
0.477788,0.947041,0.700053
0.478821,0.948653,0.70017
0.478425,0.949592,0.699459
0.479332,0.951717,0.699154
0.479312,0.953113,0.698527
0.47842,0.954564,0.697456
0.478595,0.956869,0.697666
0.476551,0.95848,0.69684
0.475054,0.960585,0.696855
0.473824,0.962839,0.696626
0.472496,0.965101,0.696451
0.471917,0.967825,0.696364
0.471802,0.969987,0.69591
0.471571,0.972062,0.695605
0.471481,0.973434,0.695083
0.47175,0.975567,0.69456
0.472003,0.976785,0.694249
0.472038,0.977746,0.693356
0.472853,0.979095,0.692891
0.473475,0.979496,0.692188
0.474181,0.979613,0.691927
0.475062,0.979373,0.691617
0.475839,0.978793,0.69129
0.47653,0.977661,0.690612
0.477445,0.976488,0.689877
0.477512,0.974514,0.689376
0.478129,0.972934,0.688915
0.478925,0.971176,0.688616
0.479113,0.969213,0.688696
0.479671,0.967547,0.689011
0.480171,0.966,0.689361
0.48158,0.964706,0.690039
0.482506,0.963542,0.690678
0.48387,0.962331,0.691572
0.485098,0.96065,0.692847
0.486607,0.959177,0.694028
0.488443,0.957555,0.695367
0.4894,0.955454,0.696624
0.49076,0.953107,0.697928
0.492392,0.95112,0.699703
0.493325,0.948793,0.701326
0.494524,0.946755,0.70305
0.495677,0.944759,0.7044
0.496841,0.943047,0.705526
0.498197,0.941928,0.706822
0.499784,0.94144,0.708045
0.500777,0.941491,0.708544
0.500842,0.941966,0.708213
0.501469,0.943214,0.708126
0.503172,0.945128,0.708317
0.503411,0.946161,0.707443
0.504065,0.947656,0.70666
0.506629,0.949623,0.706323
0.507152,0.951042,0.70519
0.508923,0.952979,0.70476
0.51086,0.955706,0.704612
0.512975,0.958208,0.704565
0.514764,0.961174,0.704398
0.516959,0.963859,0.704292
0.518175,0.966148,0.703774
0.519744,0.968542,0.703394
0.521357,0.971437,0.703144
0.521744,0.972703,0.702075
0.522212,0.974557,0.701388
0.522356,0.97612,0.700575
0.522188,0.976935,0.699752
0.521485,0.977485,0.698793
0.521042,0.97778,0.697908
0.520244,0.977703,0.697232
0.519292,0.977324,0.695974
0.518496,0.976815,0.695254
0.518217,0.976143,0.694803
0.516318,0.974346,0.693616
0.516374,0.973144,0.693275
0.515013,0.971018,0.692157
0.514566,0.968952,0.691379
0.513936,0.967137,0.6912
0.513526,0.965037,0.691238
0.512388,0.963254,0.691256
0.51244,0.961951,0.692141
0.510886,0.959849,0.692432
0.509808,0.958822,0.693519
0.508352,0.957594,0.694479
0.506782,0.956753,0.695862
0.50526,0.955732,0.69743
0.503832,0.954543,0.69868
0.502453,0.953457,0.700286
0.500464,0.951861,0.701894
0.498957,0.950301,0.703813
0.497748,0.948744,0.705584
0.496134,0.94737,0.707479
0.495083,0.946088,0.708797
0.494295,0.945201,0.709858
0.49347,0.944649,0.710575
0.493058,0.945076,0.711692
0.492867,0.946241,0.712679
0.492501,0.947558,0.713225
0.492737,0.949374,0.714219
0.492077,0.951222,0.714797
0.492286,0.953504,0.715193
0.491116,0.954733,0.714991
0.489779,0.956281,0.71506
0.488379,0.958129,0.715552
0.487033,0.960041,0.715921
0.485098,0.962241,0.71603
0.483663,0.963947,0.716251
0.482781,0.966098,0.716369
0.481452,0.967826,0.716326
0.480903,0.969851,0.715982
0.480553,0.971128,0.716024
0.48024,0.9726,0.715951
0.480579,0.973568,0.715551
0.48138,0.975186,0.715734
0.482305,0.97644,0.715035
0.483215,0.977452,0.71471
0.484318,0.978281,0.714427
0.485608,0.978668,0.714538
0.486593,0.978733,0.714275
0.487932,0.978504,0.714418
0.48899,0.978437,0.714254
0.490127,0.977527,0.71442
0.491147,0.976609,0.71425
0.4918,0.975708,0.714666
0.492253,0.974597,0.715094
0.492985,0.973566,0.715598
0.493364,0.972096,0.716243
0.494758,0.970925,0.717216
0.495772,0.969915,0.717903
0.497421,0.968341,0.718773
0.498726,0.966495,0.719842
0.500305,0.964541,0.721254
0.502431,0.962516,0.722609
0.503838,0.960007,0.724026
0.505584,0.957377,0.725438
0.506886,0.954515,0.726882
0.50769,0.951845,0.728109
0.50869,0.949331,0.729357
0.509218,0.946967,0.730389
0.509426,0.944482,0.730932
0.508968,0.943252,0.731626
0.508452,0.942277,0.732127
0.508249,0.942082,0.732738
0.507892,0.942159,0.733061
0.507655,0.942615,0.733156
0.507649,0.943416,0.732785
0.50826,0.944845,0.732554
0.50817,0.945695,0.731917
0.509207,0.947111,0.731707
0.510315,0.948879,0.731344
0.511578,0.951385,0.731024
0.512781,0.953662,0.730674
0.514014,0.956707,0.730371
0.514946,0.959789,0.729954
0.515805,0.962412,0.729526
0.516285,0.96591,0.729242
0.516475,0.969073,0.728619
0.516496,0.971939,0.727826
0.516565,0.974769,0.726938
0.516237,0.976892,0.726051
0.51619,0.979258,0.724811
0.515506,0.980604,0.723876
0.514532,0.981719,0.723014
0.513378,0.982206,0.721849
0.512476,0.982596,0.720896
0.511156,0.98252,0.719572
0.510177,0.982234,0.718388
0.508948,0.981518,0.717039
0.507622,0.980349,0.715606
0.506523,0.979016,0.714682
0.506228,0.977807,0.714036
0.504858,0.975474,0.71251
0.503624,0.973071,0.711646
0.502346,0.971001,0.710983
0.501641,0.968716,0.710636
0.500226,0.966445,0.710178
0.499321,0.964201,0.710202
0.49739,0.961916,0.710323
0.495798,0.960115,0.710748
0.494095,0.958078,0.711351
0.492461,0.956683,0.71195
0.489964,0.954797,0.712624
0.48792,0.952842,0.713414
0.485955,0.951382,0.714
0.483793,0.949269,0.715454
0.481637,0.947201,0.716972
0.480494,0.945975,0.718991
0.478077,0.943719,0.720454
0.476744,0.943008,0.722843
0.474184,0.941152,0.723744
0.473049,0.940412,0.724705
0.471069,0.939309,0.726031
0.470078,0.940109,0.726111
0.470163,0.941576,0.726169
0.469988,0.942783,0.726025
0.469776,0.944585,0.725823
0.469909,0.946814,0.725323
0.469986,0.949175,0.725087
0.46967,0.951343,0.724258
0.469902,0.9537,0.723891
0.468726,0.955606,0.722972
0.467539,0.958385,0.722111
0.465304,0.960954,0.721804
0.463543,0.963026,0.721122
0.461916,0.965426,0.720281
0.459991,0.967604,0.719446
0.460014,0.969959,0.719366
0.458532,0.971273,0.718251
0.458305,0.972797,0.717675
0.45801,0.974534,0.717121
0.4579,0.975465,0.716617
0.45783,0.976486,0.71573
0.458298,0.977759,0.714878
0.458655,0.978268,0.713955
0.459262,0.978468,0.71308
0.460078,0.978232,0.712283
0.46099,0.97762,0.711497
0.461532,0.976826,0.710729
0.462549,0.975833,0.709951
0.462742,0.974453,0.709478
0.463526,0.972967,0.70886
0.463458,0.971239,0.708313
0.46401,0.96952,0.708059
0.464848,0.967854,0.70792
0.465443,0.966751,0.707964
0.466902,0.965861,0.708429
0.467297,0.964284,0.708472
0.468184,0.963023,0.709026
0.469778,0.961689,0.709612
0.471688,0.96036,0.71053
0.473179,0.959053,0.711245
0.47499,0.957194,0.712409
0.476622,0.955394,0.713366
0.478179,0.95325,0.714242
0.479838,0.951081,0.715773
0.481429,0.94901,0.717071
0.483071,0.946789,0.718576
0.484205,0.945199,0.719591
0.485742,0.943975,0.720826
0.486563,0.943009,0.721738
0.486812,0.94239,0.722551
0.487982,0.943017,0.72365
0.487449,0.943289,0.723809
0.487432,0.944301,0.723431
0.487307,0.945194,0.723153
0.487242,0.946929,0.722458
0.487326,0.948112,0.721749
0.487561,0.949347,0.720989
0.488108,0.951443,0.719882
0.488885,0.953125,0.719162
0.490571,0.955738,0.718875
0.491403,0.95796,0.718159
0.49241,0.96038,0.717659
0.494086,0.962964,0.717524
0.495015,0.96535,0.716801
0.496233,0.967857,0.716162
0.496757,0.970062,0.715334
0.497579,0.972553,0.714439
0.497514,0.974366,0.713189
0.497964,0.97658,0.712187
0.497415,0.977889,0.711153
0.497084,0.979117,0.710153
0.497274,0.98054,0.709134
0.496627,0.980993,0.708068
0.495094,0.980949,0.706232
0.494892,0.981051,0.705485
0.493318,0.979749,0.704031
0.492566,0.978792,0.702677
0.492237,0.97791,0.701365
0.491365,0.976696,0.700323
0.490647,0.974884,0.699874
0.489714,0.973711,0.699082
0.489438,0.972288,0.699238
0.487665,0.970491,0.698603
0.486571,0.969195,0.698698
0.484995,0.967971,0.698911
0.483443,0.9667,0.69923
0.48123,0.964877,0.699553
0.48024,0.964001,0.701028
0.477261,0.961732,0.701104
0.475125,0.960144,0.702188
0.473506,0.958503,0.703657
0.470575,0.956018,0.704354
0.468302,0.953734,0.70518
0.465759,0.950997,0.707281
0.464745,0.94995,0.708355
0.462433,0.948061,0.708725
0.460982,0.946725,0.709243
0.459537,0.945739,0.709064
0.458941,0.945708,0.709177
0.458851,0.946139,0.709145
0.459724,0.947449,0.709464
0.459191,0.948728,0.708792
0.459203,0.950197,0.708571
0.4592,0.95205,0.708319
0.45899,0.954007,0.708193
0.456922,0.955438,0.707191
0.455641,0.957366,0.706662
0.453923,0.959166,0.70687
0.451758,0.960933,0.706981
0.450318,0.962954,0.706914
0.449127,0.965232,0.706866
0.448459,0.967566,0.70667
0.447779,0.969276,0.706664
0.447513,0.971649,0.706503
0.447183,0.973292,0.706264
0.447175,0.974987,0.705979
0.447747,0.976867,0.705603
0.448103,0.978388,0.705338
0.448814,0.979501,0.704756
0.44961,0.980303,0.704265
0.450548,0.980585,0.703777
0.451564,0.980334,0.703673
0.452931,0.979684,0.703395
0.453954,0.978818,0.703157
0.455048,0.97761,0.702895
0.455815,0.976181,0.702654
0.456811,0.974194,0.702583
0.457719,0.972561,0.702713
0.458584,0.970834,0.703215
0.45971,0.968891,0.703664
0.461447,0.967585,0.704013
0.462838,0.965758,0.7045
0.464615,0.96392,0.705321
0.467111,0.962155,0.706158
0.469544,0.960243,0.707459
0.471082,0.957975,0.708592
0.473498,0.95546,0.710071
0.475101,0.952638,0.711509
0.47699,0.950316,0.713377
0.478034,0.947359,0.715193
0.479468,0.945183,0.71708
0.480166,0.94263,0.718734
0.480529,0.941089,0.720384
0.480451,0.939492,0.721526
0.48059,0.938544,0.722665
0.480776,0.93825,0.723876
0.480396,0.93891,0.723819
0.480675,0.940007,0.724412
0.481057,0.941326,0.724557
0.481008,0.942656,0.724341
0.481617,0.944155,0.72419
0.482915,0.946237,0.724208
0.484715,0.949007,0.72461
0.485513,0.950821,0.724427
0.487105,0.9537,0.724706
0.488522,0.956228,0.724847
0.490187,0.959325,0.725135
0.491713,0.96247,0.725247
0.492145,0.964529,0.7258
0.493798,0.967919,0.725392
0.494689,0.970843,0.725066
0.49565,0.973367,0.724927
0.49605,0.975788,0.724675
0.496318,0.977654,0.724322
0.496136,0.979169,0.724031
0.4962,0.980361,0.723621
0.496037,0.980889,0.723309
0.495763,0.981005,0.722971
0.495649,0.980651,0.722346
0.495285,0.980011,0.721895
0.494721,0.979098,0.721259
0.494502,0.977072,0.720742
0.494354,0.97569,0.720282
0.495078,0.973989,0.720183
0.493732,0.971539,0.719612
0.493789,0.96978,0.71956
0.492889,0.967648,0.719582
0.493383,0.966308,0.720414
0.492027,0.964331,0.720564
0.491346,0.962675,0.721078
0.490529,0.961052,0.721976
0.489049,0.959575,0.723071
0.487741,0.958135,0.724075
0.486413,0.956663,0.725288
0.484912,0.955146,0.726693
0.483926,0.953473,0.728301
0.482204,0.951169,0.729421
0.480692,0.949018,0.731239
0.479471,0.946968,0.732817
0.478476,0.945401,0.734503
0.477342,0.943954,0.735927
0.476241,0.942632,0.736765
0.475804,0.94178,0.737262
0.476308,0.94158,0.737938
0.475745,0.941698,0.737618
0.476377,0.942396,0.737777
0.477348,0.943933,0.737947
0.478037,0.945574,0.737993
0.478683,0.94753,0.737777
0.478438,0.9492,0.737254
0.47855,0.951106,0.736782
0.477879,0.953206,0.736032
0.476837,0.955195,0.735338
0.475398,0.957617,0.735091
0.473735,0.959903,0.73494
0.472573,0.962391,0.734629
0.471679,0.965039,0.734215
0.470923,0.967637,0.733966
0.470751,0.969583,0.733575
0.470472,0.971732,0.733552
0.470422,0.973196,0.733441
0.470812,0.975204,0.733022
0.471043,0.976466,0.732668
0.471562,0.977372,0.732421
0.4724,0.978533,0.731545
0.472895,0.978834,0.731086
0.473525,0.97859,0.730763
0.474136,0.978028,0.730414
0.474645,0.976982,0.729961
0.475355,0.975271,0.729293
0.476142,0.973787,0.728975
0.477237,0.972498,0.728969
0.477187,0.969998,0.727955
0.47761,0.968085,0.727498
0.478196,0.966183,0.727645
0.479343,0.964493,0.727644
0.48053,0.963247,0.72802
0.481568,0.96169,0.728329
0.482227,0.960069,0.728764
0.4839,0.958502,0.728938
0.485746,0.956963,0.729624
0.486843,0.95491,0.730338
0.488347,0.953224,0.731258
0.489729,0.950804,0.732536
0.491355,0.948669,0.733609
0.493243,0.946846,0.735307
0.494203,0.944443,0.736783
0.495852,0.942777,0.738292
0.497264,0.941331,0.740124
0.498855,0.939967,0.741931
0.499974,0.939123,0.743398
0.500965,0.939078,0.744687
0.501539,0.939512,0.745618
0.50202,0.940561,0.746282
0.502222,0.941844,0.747138
0.502453,0.94373,0.747364
0.502684,0.945358,0.747152
0.502908,0.946862,0.747027
0.503904,0.948835,0.746738
0.50468,0.950476,0.746465
0.506202,0.952792,0.746259
0.508038,0.95524,0.746159
0.510018,0.958274,0.746188
0.512002,0.960931,0.746373
0.513645,0.963639,0.746417
0.515295,0.966073,0.74646
0.517041,0.968827,0.746408
0.517837,0.970685,0.746145
0.51856,0.973226,0.745819
0.519223,0.974829,0.745205
0.51964,0.976654,0.744369
0.519297,0.977692,0.743566
0.518869,0.978268,0.742727
0.518437,0.97852,0.741866
0.517875,0.97839,0.740725
0.516978,0.978008,0.739664
0.516248,0.977374,0.738439
0.514968,0.975886,0.737464
0.514395,0.974509,0.736565
0.513768,0.973071,0.735531
0.513287,0.970706,0.734398
0.512782,0.968943,0.733675
0.512382,0.966556,0.733106
0.511767,0.963886,0.732243
0.511581,0.962082,0.732155
0.510752,0.959691,0.731922
0.510186,0.957951,0.731963
0.509228,0.955726,0.732284
0.508295,0.95416,0.732911
0.506919,0.952348,0.733547
0.505846,0.951148,0.734381
0.504298,0.949187,0.735233
0.503155,0.947725,0.736089
0.50143,0.945648,0.737402
0.500223,0.944045,0.738715
0.498314,0.941696,0.740092
0.496911,0.939457,0.741806
0.49581,0.938214,0.743141
0.494207,0.936649,0.745077
0.49349,0.935988,0.746325
0.492476,0.935195,0.747425
0.492019,0.935127,0.748441
0.491891,0.935755,0.748864
0.491673,0.936963,0.749438
0.491817,0.93792,0.749758
0.49271,0.939775,0.749893
0.492837,0.941313,0.749789
0.492897,0.942826,0.749425
0.492878,0.944901,0.748761
0.49221,0.946395,0.748073
0.4908,0.948561,0.746875
0.489142,0.951085,0.746169
0.487691,0.953596,0.744917
0.485808,0.955579,0.743891
0.484637,0.958376,0.742871
0.483619,0.960593,0.742313
0.483334,0.963028,0.741524
0.483094,0.965154,0.740847
0.482758,0.967032,0.740156
0.482906,0.968891,0.739206
0.483183,0.970379,0.738513
0.483616,0.9716,0.737791
0.484068,0.972676,0.736892
0.484371,0.973288,0.736133
0.485223,0.97375,0.73539
0.485989,0.9736,0.734432
0.486402,0.97294,0.733421
0.486666,0.972197,0.732528
0.487357,0.971179,0.731587
0.487508,0.969986,0.730864
0.487794,0.968189,0.730192
0.487894,0.966532,0.729862
0.488623,0.965119,0.729486
0.488945,0.963999,0.729462
0.489651,0.962374,0.729249
0.490124,0.96122,0.729333
0.491166,0.960087,0.729472
0.492151,0.959008,0.729738
0.49365,0.957745,0.730315
0.494863,0.956148,0.73038
0.495965,0.954588,0.730779
0.496715,0.952775,0.731314
0.497806,0.950934,0.732181
0.498999,0.949129,0.732809
0.499501,0.947234,0.733753
0.500255,0.945407,0.734902
0.500948,0.944361,0.735924
0.501761,0.943172,0.737264
0.502089,0.94216,0.73847
0.502466,0.941562,0.739553
0.502702,0.941446,0.740526
0.502668,0.941626,0.741198
0.502486,0.942469,0.741308
0.50236,0.943853,0.741375
0.501966,0.945133,0.741435
0.501508,0.946523,0.740986
0.501771,0.948576,0.740372
0.501536,0.950132,0.739803
0.502303,0.952347,0.738943
0.50255,0.954269,0.73826
0.5034,0.956736,0.737921
0.504434,0.959542,0.737624
0.505534,0.962079,0.737237
0.506703,0.964505,0.737023
0.507887,0.967153,0.736536
0.508826,0.969565,0.735981
0.509488,0.971756,0.735086
0.509975,0.974267,0.734141
0.510191,0.975975,0.733106
0.510223,0.978282,0.731956
0.51014,0.97972,0.730618
0.509583,0.980871,0.729489
0.508891,0.982,0.728213
0.508213,0.982518,0.727136
0.507448,0.982838,0.726107
0.506327,0.982764,0.724905
0.50554,0.982405,0.723653
0.504342,0.981442,0.722675
0.503659,0.980441,0.721498
0.502267,0.978557,0.720512
0.50133,0.977317,0.719907
0.500331,0.976066,0.719471
0.498809,0.973933,0.718752
0.49799,0.972574,0.718743
0.496004,0.970611,0.718688
0.494626,0.969515,0.719152
0.492253,0.967756,0.71949
0.490607,0.966512,0.719891
0.487914,0.964594,0.720416
0.485392,0.963146,0.721598
0.482913,0.961497,0.722117
0.480403,0.959176,0.722869
0.477794,0.95682,0.723978
0.475017,0.954435,0.724993
0.473125,0.952614,0.726219
0.470159,0.949754,0.727297
0.467465,0.947333,0.72801
0.464959,0.945325,0.728648
0.462942,0.943599,0.729416
0.460648,0.942088,0.729406
0.459674,0.941529,0.728904
0.458723,0.941997,0.728644
0.459009,0.943085,0.728673
0.458737,0.944524,0.72845
0.458632,0.94627,0.727933
0.458065,0.94792,0.727238
0.458224,0.950192,0.7267
0.456125,0.951717,0.725478
0.454501,0.953692,0.725228
0.452977,0.955728,0.724667
0.45186,0.95814,0.725317
0.449846,0.959723,0.724605
0.44885,0.962019,0.724156
0.448342,0.964023,0.723479
0.448096,0.966248,0.723147
0.447644,0.967805,0.722683
0.448369,0.969787,0.722327
0.448212,0.971078,0.721645
0.44841,0.972191,0.721216
0.449097,0.973591,0.720647
0.449445,0.974113,0.719954
0.449501,0.974096,0.719243
0.450253,0.973796,0.718466
0.450867,0.973012,0.718164
0.451465,0.972055,0.717964
0.45186,0.970593,0.717616
0.452706,0.968823,0.716942
0.45352,0.9673,0.716697
0.45383,0.965575,0.716793
0.455257,0.964114,0.717448
0.45532,0.961935,0.717029
0.456187,0.960384,0.717496
0.457625,0.959087,0.718101
0.458624,0.957964,0.718794
0.460602,0.956822,0.719716
0.461435,0.954745,0.720183
0.462957,0.953147,0.721239
0.464731,0.95151,0.722388
0.465756,0.949404,0.723748
0.466804,0.947086,0.725287
0.468347,0.944794,0.726948
0.469538,0.942367,0.728183
0.47054,0.940307,0.729215
0.471764,0.938479,0.730653
0.472363,0.936873,0.731768
0.473146,0.93554,0.733292
0.473735,0.935173,0.734663
0.474268,0.935701,0.735413
0.475113,0.937246,0.736972
0.474955,0.938362,0.737344
0.475468,0.939749,0.737788
0.476219,0.941582,0.737861
0.477259,0.943063,0.738045
0.478517,0.944897,0.738003
0.479861,0.94698,0.73825
0.481386,0.948904,0.738347
0.48309,0.951133,0.738614
0.485162,0.95395,0.738779
0.486805,0.956376,0.73918
0.48807,0.959051,0.739225
0.489798,0.961912,0.739093
0.491188,0.964867,0.738878
0.492318,0.96764,0.738661
0.493218,0.970103,0.738271
0.494153,0.97285,0.737833
0.494517,0.975142,0.737383
0.495022,0.976935,0.736886
0.494811,0.978353,0.736393
0.494751,0.979744,0.73611
0.494543,0.98022,0.73573
0.494242,0.980429,0.735366
0.493807,0.980464,0.734904
0.493437,0.97982,0.734083
0.492959,0.978736,0.733401
0.492835,0.977513,0.733003
0.49246,0.975884,0.732238
0.492346,0.973866,0.731936
0.492401,0.971929,0.731318
0.492173,0.969455,0.731222
0.492368,0.967547,0.731341
0.491519,0.96464,0.730959
0.491315,0.96223,0.731132
0.490422,0.9598,0.731578
0.489357,0.957194,0.732639
0.488309,0.954999,0.733503
0.487144,0.952877,0.734706
0.48557,0.950868,0.736013
0.483774,0.948436,0.737757
0.48275,0.946534,0.739063
0.481301,0.944184,0.740459
0.479663,0.941819,0.742186
0.478496,0.939683,0.743682
0.47717,0.938139,0.745016
0.47572,0.936704,0.746074
0.47484,0.935648,0.746765
0.474367,0.935428,0.747158
0.474132,0.936035,0.747546
0.474543,0.937251,0.748254
0.474295,0.939091,0.749042
0.474414,0.940552,0.749437
0.474388,0.942708,0.74971
0.474027,0.944662,0.750006
0.473644,0.946993,0.750173
0.472439,0.948864,0.750122
0.470851,0.951146,0.749938
0.469536,0.953892,0.749897
0.467727,0.956652,0.749669
0.465892,0.959153,0.749505
0.465001,0.962289,0.748953
0.463822,0.964612,0.748573
0.463322,0.967724,0.74836
0.462533,0.969689,0.748197
0.462492,0.972121,0.747918
0.461888,0.973863,0.747838
0.462081,0.975511,0.747593
0.462127,0.976475,0.747398
0.46221,0.977556,0.746902
0.462452,0.977975,0.746555
0.462786,0.978077,0.746109
0.46369,0.977602,0.745466
0.464009,0.977001,0.744999
0.464233,0.976042,0.744436
0.464844,0.974819,0.743966
0.465254,0.972725,0.743244
0.465862,0.970983,0.742973
0.466245,0.969,0.742649
0.466502,0.966584,0.74245
0.467349,0.964854,0.742468
0.468233,0.962753,0.742506
0.469149,0.960912,0.742594
0.470673,0.959091,0.742824
0.471946,0.957036,0.743426
0.473559,0.955037,0.744087
0.475538,0.95284,0.744334
0.476821,0.950861,0.745085
0.478354,0.94883,0.746137
0.479711,0.946478,0.747193
0.481033,0.944164,0.748421
0.481957,0.941997,0.749937
0.483405,0.940284,0.751655
0.484285,0.93866,0.753155
0.485398,0.937297,0.754961
0.486214,0.936412,0.757066
0.486992,0.936199,0.759517
0.487398,0.93641,0.761095
0.487788,0.937113,0.762353
0.487888,0.937933,0.763242
0.487682,0.939848,0.764313
0.487812,0.941584,0.764823
0.488087,0.943722,0.765003
0.488272,0.945361,0.764916
0.488726,0.947284,0.764647
0.489152,0.948856,0.764269
0.490401,0.951297,0.763767
0.491699,0.953327,0.763375
0.492948,0.955925,0.763119
0.494436,0.958735,0.762916
0.496126,0.961748,0.762696
0.497389,0.964102,0.762302
0.498751,0.966665,0.762025
0.500133,0.969572,0.761574
0.50087,0.971701,0.760698
0.5015,0.97373,0.759722
0.501938,0.975812,0.758724
0.501964,0.977082,0.75785
0.502098,0.978345,0.756638
0.501856,0.979432,0.755384
0.501504,0.979603,0.753871
0.501318,0.979671,0.752455
0.500744,0.979325,0.751048
0.500615,0.978639,0.749768
0.500321,0.977483,0.748313
0.500011,0.975885,0.746869
0.500307,0.97457,0.745514
0.500365,0.972495,0.744211
0.500478,0.970846,0.743334
0.500415,0.968556,0.742452
0.5009,0.966905,0.741935
0.500479,0.965034,0.741283
0.499668,0.963166,0.741258
0.499334,0.961777,0.741422
0.497979,0.959887,0.741706
0.497061,0.958715,0.742254
0.495631,0.957153,0.742834
0.494047,0.955417,0.743609
0.492283,0.954,0.74471
0.490716,0.952567,0.745508
0.488989,0.950484,0.746508
0.487725,0.94824,0.747957
0.486039,0.946287,0.749092
0.484593,0.944459,0.750236
0.483071,0.942866,0.751645
0.481558,0.941511,0.752776
0.480139,0.940204,0.753561
0.479026,0.939419,0.754206
0.478315,0.939747,0.754763
0.478147,0.940911,0.754878
0.477688,0.942288,0.75538
0.477781,0.944055,0.755574
0.47822,0.946068,0.755521
0.478125,0.947697,0.755395
0.478408,0.950105,0.754979
0.477591,0.951721,0.754296
0.476092,0.9535,0.753877
0.47482,0.956044,0.753449
0.472549,0.958154,0.752609
0.470632,0.960823,0.752016
0.46872,0.962875,0.75137
0.468136,0.966048,0.751051
0.466834,0.968059,0.75041
0.466545,0.97073,0.749931
0.466141,0.972826,0.749574
0.466211,0.974679,0.749217
0.466515,0.976616,0.748748
0.467028,0.978301,0.748206
0.467543,0.979461,0.747824
0.468341,0.980431,0.747003
0.469147,0.98107,0.746307
0.470083,0.981113,0.745742
0.470863,0.980776,0.74515
0.471934,0.980209,0.744068
0.47302,0.979179,0.743445
0.47363,0.978165,0.742538
0.474808,0.976595,0.741769
0.475492,0.975168,0.741399
0.476428,0.973644,0.741258
0.477198,0.971459,0.740978
0.478326,0.970236,0.740514
0.479509,0.968932,0.740439
0.480947,0.967649,0.740512
0.482561,0.965821,0.740715
0.484238,0.964058,0.74097
0.486332,0.962172,0.741833
0.487687,0.959783,0.742343
0.489392,0.957888,0.743128
0.491029,0.955705,0.744298
0.492416,0.953232,0.745232
0.493726,0.95117,0.746402
0.494695,0.94894,0.747865
0.495692,0.947097,0.749413
0.496284,0.945323,0.750678
0.497281,0.944052,0.752087
0.497536,0.943211,0.753439
0.497611,0.942874,0.75436
0.497264,0.942777,0.755234
0.496911,0.943541,0.755937
0.496234,0.944385,0.756569
0.495968,0.94559,0.756773
0.495918,0.947143,0.756567
0.495681,0.948567,0.756185
0.495872,0.950011,0.755629
0.496633,0.951462,0.755166
0.496971,0.952894,0.754635
0.498121,0.954764,0.753807
0.498836,0.956152,0.75322
0.500081,0.958543,0.75274
0.500709,0.960184,0.752286
0.501516,0.962783,0.751759
0.501906,0.964628,0.751286
0.502383,0.967429,0.750904
0.502631,0.969654,0.750093
0.502667,0.971964,0.749304
0.502415,0.974074,0.748255
0.502237,0.975985,0.747358
0.501739,0.977738,0.746379
0.500954,0.978601,0.745307
0.50047,0.97936,0.744066
0.499614,0.979852,0.743124
0.498727,0.980041,0.742035
0.498069,0.979965,0.741044
0.497484,0.97959,0.739964
0.497065,0.978864,0.738633
0.496547,0.977563,0.737534
0.495715,0.976109,0.736504
0.495598,0.974693,0.735675
0.494853,0.97302,0.734713
0.494893,0.971277,0.734048
0.493942,0.969289,0.733811
0.493364,0.96762,0.733592
0.492274,0.965612,0.733849
0.491627,0.964158,0.734273
0.489789,0.961904,0.734758
0.488401,0.960536,0.735628
0.486317,0.958634,0.736504
0.484608,0.956997,0.737649
0.48322,0.955324,0.738689
0.481121,0.952797,0.739863
0.479587,0.950875,0.741143
0.477754,0.948854,0.74283
0.474894,0.945759,0.745287
0.474905,0.945327,0.746273
0.47331,0.943685,0.748079
0.472305,0.942966,0.749137
0.471006,0.942319,0.750405
0.470173,0.942174,0.751147
0.469545,0.942981,0.751851
0.469482,0.944377,0.752401
0.469031,0.946242,0.753612
0.468945,0.948255,0.754038
0.468811,0.95057,0.754373
0.46818,0.953019,0.754644
0.467009,0.954865,0.754772
0.46545,0.956918,0.754947
0.464093,0.959572,0.754929
0.461614,0.961529,0.754871
0.459787,0.963771,0.755024
0.458463,0.966334,0.754824
0.456812,0.968661,0.754982
0.456016,0.971017,0.755122
0.45545,0.973181,0.755088
0.45506,0.975179,0.755244
0.454658,0.976713,0.755256
0.454742,0.978095,0.755181
0.454685,0.979321,0.754985
0.455133,0.980197,0.754467
0.45558,0.980677,0.754111
0.456073,0.980857,0.753715
0.456746,0.980541,0.753484
0.457929,0.979842,0.752994
0.459017,0.979136,0.752837
0.460121,0.978028,0.752214
0.460983,0.976993,0.751881
0.462176,0.975447,0.751588
0.462693,0.973688,0.751666
0.46364,0.972251,0.751923
0.46454,0.970466,0.752019
0.465436,0.968878,0.752302
0.466702,0.967495,0.752736
0.468138,0.966336,0.75334
0.469674,0.964816,0.753955
0.47165,0.962814,0.754885
0.47306,0.961142,0.755943
0.474999,0.959321,0.756999
0.476838,0.957117,0.758377
0.478455,0.954661,0.759667
0.480096,0.952088,0.76132
0.48129,0.949913,0.762679
0.482484,0.947503,0.764405
0.483542,0.945571,0.765818
0.484017,0.943631,0.76712
0.484488,0.941842,0.768422
0.485024,0.940994,0.769585
0.485121,0.940381,0.77079
0.485164,0.940212,0.771569
0.485195,0.940436,0.772094
0.485302,0.940981,0.772464
0.485314,0.941728,0.772502
0.485628,0.942916,0.772194
0.486499,0.944268,0.771938
0.487279,0.94533,0.771529
0.489214,0.947471,0.771298
0.489989,0.949204,0.770724
0.491843,0.951947,0.770439
0.493631,0.954834,0.770357
0.4954,0.957309,0.770252
0.496905,0.960768,0.770001
0.498472,0.963518,0.769824
0.499514,0.966666,0.769297
0.500602,0.969627,0.768733
0.501482,0.972332,0.7681
0.50176,0.974468,0.767441
0.502512,0.976816,0.766622
0.502386,0.978342,0.765897
0.502564,0.979832,0.764964
0.502115,0.980386,0.764054
0.501747,0.9806,0.763198
0.50146,0.980484,0.762105
0.501058,0.980213,0.76114
0.500072,0.978425,0.759852
0.49932,0.977047,0.758584
0.49902,0.97517,0.757507
0.498508,0.972662,0.756392
0.498108,0.970247,0.755434
0.497641,0.967751,0.754537
0.497116,0.964823,0.75401
0.496526,0.961926,0.753402
0.496054,0.959731,0.753147
0.494975,0.956941,0.752986
0.493871,0.954718,0.753178
0.493061,0.953122,0.753698
0.490991,0.95054,0.754297
0.489901,0.949427,0.754538
0.488091,0.947315,0.755213
0.486948,0.945525,0.756116
0.485403,0.94351,0.757544
0.48418,0.941835,0.75844
0.48286,0.940154,0.759773
0.48169,0.93885,0.76149
0.480608,0.937753,0.762708
0.479778,0.937047,0.764085
0.478501,0.936495,0.765647
0.47769,0.93662,0.766468
0.477341,0.937509,0.767085
0.477069,0.939061,0.767689
0.476568,0.940671,0.768254
0.47686,0.942891,0.768509
0.476891,0.944708,0.768737
0.476848,0.946887,0.768748
0.476364,0.948676,0.76893
0.475828,0.950871,0.768508
0.474772,0.952996,0.767928
0.473779,0.955367,0.767459
0.472047,0.958056,0.766851
0.470232,0.960003,0.765985
0.469215,0.962578,0.765034
0.467967,0.964542,0.764255
0.466558,0.966633,0.763469
0.465973,0.96858,0.763089
0.465472,0.970318,0.76258
0.46553,0.971871,0.76187
0.465632,0.973444,0.760875
0.465834,0.974496,0.760207
0.466383,0.975479,0.759367
0.46681,0.975897,0.758697
0.4675,0.976264,0.757715
0.468481,0.975967,0.75638
0.469402,0.975559,0.755517
0.470152,0.975123,0.754623
0.471276,0.974332,0.753228
0.47218,0.973517,0.752574
0.472907,0.972715,0.752061
0.473812,0.97156,0.751411
0.474518,0.970388,0.751199
0.475363,0.969545,0.751204
0.476555,0.968947,0.751335
0.477678,0.968162,0.751436
0.479282,0.967014,0.751305
0.480611,0.966048,0.7517
0.482543,0.964776,0.752432
0.484065,0.962892,0.753262
0.486172,0.961342,0.754051
0.487912,0.959538,0.755116
0.489526,0.957374,0.756379
0.490785,0.955578,0.757679
0.492492,0.95386,0.759441
0.493615,0.951572,0.761181
0.494753,0.94993,0.763363
0.496006,0.948404,0.765178
0.496767,0.946887,0.767047
0.497576,0.945222,0.768722
0.498297,0.944291,0.770299
0.498826,0.943894,0.771856
0.499069,0.943848,0.772936
0.49909,0.944191,0.773674
0.498995,0.944956,0.774382
0.498677,0.946256,0.774974
0.498912,0.947552,0.775178
0.499168,0.948634,0.775041
0.499389,0.949574,0.774964
0.500201,0.951046,0.774792
0.501502,0.952665,0.774561
0.502797,0.954256,0.774203
0.504534,0.956613,0.774069
0.506085,0.959,0.773844
0.507618,0.960842,0.773872
0.508886,0.963198,0.773397
0.510261,0.96534,0.773025
0.511053,0.967479,0.772407
0.51176,0.96947,0.771724
0.512135,0.971319,0.770911
0.512423,0.973065,0.770059
0.512496,0.974139,0.76895
0.51215,0.975285,0.76787
0.511766,0.975937,0.76677
0.511005,0.976027,0.765645
0.510397,0.97606,0.764506
0.509463,0.975364,0.763419
0.508636,0.974524,0.761805
0.508115,0.973727,0.760764
0.507048,0.972522,0.759699
0.506409,0.971473,0.758807
0.505745,0.969843,0.757811
0.505076,0.968311,0.757063
0.504266,0.966978,0.756462
0.5035,0.96529,0.756255
0.502279,0.963781,0.756216
0.501372,0.962581,0.756248
0.499972,0.960706,0.756671
0.499028,0.959524,0.757305
0.496803,0.957535,0.757993
0.495344,0.956595,0.759093
0.493074,0.954497,0.759561
0.490918,0.952349,0.760322
0.489199,0.950401,0.761341
0.487276,0.947736,0.762582
0.485438,0.944963,0.76393
0.483497,0.942401,0.765598
0.481365,0.939986,0.767128
0.480009,0.938306,0.767945
0.478621,0.936699,0.769175
0.476825,0.935234,0.769597
0.475939,0.935004,0.769963
0.475278,0.935679,0.770219
0.474895,0.936677,0.770149
0.474601,0.938478,0.770057
0.474514,0.940287,0.76994
0.474256,0.942121,0.769553
0.474699,0.944505,0.768946
0.473895,0.94622,0.768111
0.472479,0.948061,0.767347
0.471041,0.950552,0.766313
0.469,0.95281,0.765298
0.466575,0.955339,0.764089
0.464655,0.957786,0.763067
0.463583,0.960782,0.76192
0.462528,0.96315,0.761099
0.461687,0.965907,0.760306
0.461285,0.968404,0.759627
0.461441,0.970518,0.759126
0.461531,0.97275,0.758475
0.461858,0.974533,0.757675
0.462297,0.976388,0.756891
0.462807,0.977375,0.756224
0.463573,0.978223,0.755453
0.464392,0.978466,0.75444
0.465411,0.978166,0.753271
0.46645,0.977794,0.752385
0.467344,0.977083,0.75125
0.468442,0.97598,0.750051
0.469332,0.974842,0.749054
0.470286,0.973522,0.748297
0.471042,0.971819,0.747653
0.471868,0.97028,0.7473
0.472684,0.969029,0.747083
0.474083,0.967887,0.746893
0.475272,0.966799,0.746838
0.476987,0.965775,0.747122
0.478598,0.964212,0.747421
0.480446,0.962737,0.747648
0.482568,0.961276,0.748414
0.484448,0.959512,0.749097
0.486342,0.957188,0.749823
0.487851,0.955467,0.750519
0.48944,0.953522,0.751573
0.490769,0.95133,0.752887
0.492035,0.949075,0.754125
0.493201,0.947403,0.755767
0.494368,0.945864,0.757117
0.495021,0.944579,0.75834
0.496014,0.94351,0.759864
0.496988,0.942556,0.761527
0.497711,0.942606,0.76303
0.498298,0.94283,0.763864
0.498541,0.943184,0.764377
0.498575,0.944135,0.764769
0.498896,0.945634,0.764923
0.498978,0.946758,0.764723
0.498923,0.948258,0.76423
0.499121,0.949521,0.76367
0.499671,0.950954,0.763123
0.499858,0.952346,0.762479
0.501042,0.95444,0.761724
0.502145,0.956384,0.761398
0.5034,0.959163,0.761007
0.504997,0.961679,0.760853
0.505751,0.963797,0.760468
0.506616,0.966072,0.760045
0.507874,0.96856,0.7591
0.508316,0.970727,0.758506
0.508577,0.972735,0.757725
0.508659,0.974442,0.756862
0.508367,0.975976,0.755844
0.508073,0.977234,0.754756
0.507267,0.977795,0.753614
0.506468,0.978215,0.752371
0.505857,0.978316,0.751144
0.504933,0.978094,0.750033
0.504346,0.977511,0.749058
0.503219,0.976419,0.74802
0.502639,0.975395,0.747146
0.501887,0.973783,0.745979
0.501625,0.97209,0.745244
0.501508,0.97068,0.744792
0.500363,0.968446,0.744282
0.499897,0.966926,0.744205
0.498873,0.964828,0.744276
0.498261,0.963384,0.744567
0.497257,0.961698,0.745128
0.496388,0.960159,0.745977
0.494555,0.958037,0.746527
0.493172,0.956714,0.747694
0.491154,0.954703,0.748718
0.490029,0.953452,0.750182
0.487719,0.950998,0.751448
0.485104,0.948316,0.753119
0.483885,0.946723,0.754058
0.481721,0.944692,0.755645
0.479189,0.942254,0.757287
0.478293,0.941438,0.758164
0.476871,0.940304,0.759061
0.475317,0.939633,0.759699
0.474509,0.940072,0.760386
0.473902,0.940991,0.761048
0.473721,0.942619,0.76157
0.473759,0.94433,0.761946
0.473367,0.946017,0.762419
0.473188,0.947885,0.762483
0.472907,0.949606,0.762612
0.472095,0.951108,0.762388
0.470748,0.95306,0.762297
0.468946,0.954847,0.762007
0.466565,0.957083,0.761265
0.464299,0.959589,0.760896
0.462033,0.961785,0.76009
0.460412,0.964113,0.759492
0.459198,0.966787,0.759076
0.458523,0.969186,0.758774
0.457585,0.971207,0.758828
0.457134,0.973507,0.758779
0.456972,0.975196,0.758575
0.456873,0.976465,0.758264
0.457287,0.977929,0.757683
0.457593,0.978612,0.757375
0.458024,0.978948,0.756932
0.458659,0.978967,0.756078
0.459306,0.978692,0.755429
0.460317,0.977961,0.754647
0.461094,0.977243,0.753758
0.462083,0.97619,0.752863
0.462951,0.974812,0.75199
0.463857,0.973299,0.751514
0.464689,0.971819,0.751192
0.465898,0.970158,0.750822
0.46669,0.968512,0.750761
0.46807,0.967141,0.750493
0.469606,0.965608,0.750368
0.471264,0.963905,0.750578
0.472535,0.962076,0.750966
0.474373,0.95988,0.750862
0.4762,0.958056,0.75133
0.477873,0.955795,0.751722
0.479386,0.953683,0.752239
0.480655,0.951182,0.753316
0.482527,0.949273,0.754587
0.484345,0.947237,0.755745
0.48607,0.945303,0.757297
0.487479,0.943694,0.758797
0.489159,0.942399,0.760468
0.490579,0.941542,0.762223
0.491432,0.940903,0.76361
0.492283,0.941011,0.764876
0.492822,0.941332,0.765674
0.493065,0.941821,0.766162
0.493307,0.942843,0.766702
0.49357,0.943787,0.766711
0.493988,0.945043,0.766359
0.494512,0.945879,0.76598
0.495422,0.94703,0.765515
0.496749,0.948413,0.76466
0.498614,0.950094,0.763712
0.500051,0.952203,0.763192
0.502255,0.954874,0.762751
0.504067,0.957248,0.762163
0.505556,0.959767,0.761775
0.507169,0.962326,0.76107
0.508766,0.96521,0.760239
0.509583,0.967227,0.759404
0.510337,0.969725,0.758554
0.511173,0.971729,0.757525
0.511331,0.973538,0.756363
0.511336,0.974816,0.75497
0.511346,0.975967,0.753718
0.511061,0.976533,0.752603
0.51094,0.977078,0.751342
0.510386,0.977096,0.750002
0.51025,0.976769,0.748377
0.509589,0.976081,0.747195
0.508996,0.975364,0.74589
0.508713,0.973989,0.744605
0.5085,0.972702,0.74334
0.508398,0.971304,0.742294
0.507779,0.969334,0.741397
0.507601,0.968036,0.740671
0.507219,0.966154,0.740146
0.506253,0.964533,0.739858
0.505573,0.963079,0.739671
0.504442,0.961188,0.739904
0.503139,0.959824,0.740242
0.501517,0.957956,0.740677
0.499728,0.956229,0.741238
0.498118,0.954411,0.742209
0.496083,0.952801,0.742964
0.494583,0.950962,0.743851
0.492674,0.948878,0.745018
0.491166,0.946439,0.746344
0.489713,0.944402,0.747689
0.487892,0.942893,0.749252
0.486009,0.941171,0.750449
0.484752,0.940005,0.751588
0.483155,0.9389,0.752751
0.48157,0.938333,0.753559
0.480567,0.938588,0.754236
0.479741,0.939524,0.754544
0.479239,0.940855,0.755009
0.478522,0.942119,0.75529
0.47842,0.944148,0.755741
0.47826,0.946083,0.755542
0.477344,0.947633,0.755156
0.476166,0.949181,0.754601
0.474852,0.951756,0.754547
0.472962,0.953954,0.753807
0.471299,0.956569,0.753093
0.4692,0.959078,0.752336
0.468106,0.961813,0.751654
0.466941,0.964251,0.751094
0.466242,0.966994,0.750601
0.465641,0.968999,0.750139
0.465724,0.97099,0.749635
0.465582,0.972521,0.749328
0.465828,0.973934,0.748673
0.466317,0.975054,0.747987
0.466817,0.975737,0.747133
0.467305,0.976089,0.746526
0.467935,0.97615,0.745888
0.468656,0.975926,0.745057
0.469501,0.975272,0.743943
0.470505,0.974408,0.743326
0.471161,0.973632,0.742555
0.47241,0.972358,0.741554
0.473076,0.971184,0.741254
0.473723,0.969462,0.741193
0.474356,0.967962,0.741077
0.47531,0.966592,0.741201
0.476359,0.965645,0.741229
0.47743,0.964431,0.741607
0.478574,0.963324,0.742
0.480097,0.9618,0.742383
0.481625,0.960366,0.743161
0.483005,0.958314,0.74431
0.484609,0.956478,0.745064
0.486685,0.954626,0.746114
0.487842,0.952387,0.747318
0.48942,0.950312,0.748861
0.490631,0.94809,0.750555
0.491844,0.945991,0.752396
0.493081,0.944194,0.754214
0.494008,0.94226,0.755905
0.494973,0.940889,0.757808
0.495738,0.939148,0.759415
0.496219,0.938072,0.760872
0.496812,0.937776,0.761967
0.496859,0.937866,0.762735
0.496456,0.93837,0.763467
0.495959,0.93928,0.763696
0.495822,0.941222,0.764105
0.495519,0.942306,0.763906
0.495475,0.943654,0.763592
0.49573,0.944775,0.763636
0.496758,0.946702,0.76307
0.497582,0.94876,0.762629
0.499238,0.951194,0.762246
0.500488,0.953786,0.761894
0.501851,0.956174,0.761733
0.503106,0.958933,0.761287
0.504008,0.961051,0.760855
0.505065,0.963798,0.760271
0.505334,0.966506,0.759617
0.505683,0.968671,0.758908
0.505989,0.970989,0.757879
0.50586,0.972751,0.757045
0.505517,0.974621,0.756043
0.505252,0.975836,0.755128
0.504752,0.97666,0.754189
0.503815,0.97718,0.753047
0.503341,0.977519,0.752152
0.502707,0.977382,0.751188
0.501864,0.97636,0.749753
0.501603,0.975364,0.748725
0.500953,0.974268,0.747607
0.500719,0.972489,0.746572
0.50043,0.970856,0.74548
0.499822,0.968495,0.744889
0.49949,0.966785,0.744363
0.498624,0.964541,0.744047
0.498202,0.962989,0.744042
0.496999,0.960511,0.744567
0.496141,0.959288,0.74455
0.494613,0.957348,0.745447
0.493134,0.956048,0.746177
0.491224,0.95417,0.747059
0.48976,0.952746,0.748116
0.487504,0.950723,0.749086
0.485309,0.948679,0.750597
0.483364,0.946906,0.751601
0.481348,0.944572,0.752797
0.479693,0.942822,0.754373
0.477264,0.940804,0.755464
0.475268,0.939184,0.756694
0.473664,0.938419,0.757284
0.472209,0.937793,0.75769
0.470843,0.938276,0.757885
0.469899,0.939197,0.758254
0.469327,0.940591,0.758268
0.468716,0.941914,0.758553
0.468228,0.943317,0.758503
0.468026,0.945219,0.758427
0.46722,0.946924,0.757924
0.466124,0.94834,0.757271
0.46476,0.950468,0.756681
0.462956,0.952662,0.756259
0.461089,0.955238,0.755685
0.459291,0.957522,0.755166
0.457817,0.960059,0.7547
0.457099,0.962552,0.754183
0.456182,0.964717,0.753736
0.455547,0.967016,0.753483
0.455314,0.968913,0.753259
0.455086,0.97074,0.753117
0.455235,0.972294,0.752654
0.455625,0.973844,0.751844
0.456048,0.974729,0.751294
0.456485,0.975216,0.750839
0.457377,0.975535,0.750257
0.458534,0.975308,0.749559
0.459842,0.974778,0.74898
0.460896,0.974051,0.748392
0.462359,0.972931,0.74749
0.463643,0.971784,0.746818
0.464854,0.970363,0.746496
0.465892,0.968168,0.746231
0.467109,0.966807,0.746051
0.468395,0.96532,0.745996
0.469718,0.963469,0.745937
0.471076,0.962133,0.746112
0.472571,0.960506,0.746209
0.474155,0.958478,0.74607
0.475334,0.956647,0.746397
0.477223,0.954964,0.74699
0.478996,0.953018,0.747281
0.479974,0.950645,0.747976
0.481314,0.948985,0.748688
0.482942,0.947279,0.749578
0.483739,0.945064,0.750753
0.485014,0.944016,0.751836
0.48614,0.942519,0.753013
0.486941,0.941586,0.754259
0.487698,0.94089,0.755806
0.487958,0.940886,0.757067
0.488122,0.941154,0.757818
0.488099,0.941903,0.758487
0.487697,0.942992,0.758838
0.487854,0.944658,0.759074
0.487634,0.946525,0.758688
0.487269,0.948202,0.75841
0.487654,0.949922,0.757759
0.488005,0.951972,0.757123
0.489363,0.954395,0.756558
0.489858,0.956293,0.755761
0.491289,0.958804,0.755092
0.492529,0.961598,0.754213
0.493839,0.963856,0.753759
0.494837,0.966744,0.753113
0.495888,0.969588,0.752392
0.496886,0.972076,0.751576
0.497221,0.974544,0.750475
0.49759,0.976798,0.749348
0.497714,0.979026,0.748007
0.497844,0.980797,0.74659
0.497235,0.982304,0.745292
0.49705,0.983867,0.743893
0.496204,0.98479,0.742538
0.495418,0.985541,0.741243
0.494653,0.986081,0.739795
0.493924,0.986258,0.738646
0.49344,0.986194,0.73757
0.492913,0.98577,0.73619
0.492461,0.98512,0.735179
0.492477,0.984316,0.734205
0.491669,0.98311,0.733504
0.491052,0.982033,0.733162
0.490461,0.981047,0.732852
0.489598,0.979514,0.732853
0.488532,0.978266,0.733219
0.487261,0.977007,0.733666
0.485624,0.975555,0.734252
0.484016,0.974114,0.735111
0.481976,0.972222,0.735917
0.480011,0.97019,0.736913
0.478339,0.968635,0.738309
0.475869,0.965874,0.739068
0.473638,0.963055,0.740133
0.471561,0.960656,0.741108
0.469255,0.958138,0.741563
0.467403,0.955582,0.74122
0.466336,0.954287,0.740259
0.465176,0.953464,0.73935
0.465677,0.953072,0.739431
0.465066,0.952603,0.7384
0.465535,0.953557,0.737838
0.465512,0.954739,0.737376
0.46594,0.955811,0.736538
0.465443,0.957559,0.735998
0.464703,0.958682,0.735294
0.463643,0.959853,0.734681
0.462748,0.961491,0.734844
0.461252,0.96317,0.735154
0.460185,0.96506,0.735305
0.460563,0.967355,0.735483
0.459609,0.969039,0.734689
0.459911,0.971118,0.73452
0.460181,0.972953,0.734167
0.460753,0.974644,0.733524
0.461182,0.976458,0.732906
0.462045,0.978103,0.732479
0.463321,0.979503,0.73194
0.464455,0.98015,0.731171
0.46563,0.980628,0.730501
0.466797,0.980878,0.729938
0.46816,0.980479,0.729346
0.470005,0.979714,0.728801
0.47125,0.978479,0.728348
0.472641,0.97677,0.727827
0.474357,0.974901,0.72738
0.475992,0.973028,0.727092
0.477829,0.970598,0.726713
0.479847,0.968669,0.726913
0.482679,0.966783,0.727408
0.483505,0.964317,0.726996
0.486137,0.962437,0.727591
0.488319,0.960671,0.727911
0.491034,0.958462,0.728854
0.493509,0.956232,0.729154
0.496092,0.954072,0.730318
0.497784,0.951117,0.731434
0.500225,0.948545,0.732714
0.501543,0.945511,0.734361
0.503457,0.943312,0.735966
0.504419,0.940919,0.737557
0.505405,0.939142,0.739416
0.506112,0.937466,0.741217
0.506571,0.936637,0.742864
0.507071,0.936575,0.744528
0.507033,0.937023,0.745839
0.506941,0.938267,0.746847
0.507189,0.939613,0.747709
0.507335,0.941158,0.748006
0.507841,0.942761,0.748088
0.508535,0.944145,0.748069
0.509588,0.946127,0.747967
0.510629,0.947878,0.747827
0.512625,0.950387,0.747934
0.514226,0.953166,0.748181
0.515642,0.956197,0.748286
0.517368,0.959142,0.748513
0.518854,0.962318,0.748854
0.518966,0.96441,0.749249
0.52123,0.968411,0.74864
0.522098,0.971584,0.748316
0.522725,0.974484,0.748065
0.523166,0.976771,0.747668
0.52341,0.979214,0.74693
0.523349,0.980641,0.746254
0.523046,0.981736,0.745203
0.522779,0.982403,0.744446
0.522362,0.982953,0.743615
0.521394,0.98263,0.74257
0.520812,0.982326,0.741696
0.520082,0.981493,0.740316
0.519872,0.98021,0.739147
0.518872,0.978521,0.738346
0.518477,0.976913,0.737532
0.518201,0.974966,0.736836
0.517912,0.97269,0.736023
0.517381,0.970771,0.735781
0.51658,0.968698,0.73568
0.515622,0.966575,0.736158
0.514638,0.964904,0.736418
0.513156,0.963102,0.73725
0.511545,0.961451,0.738208
0.509742,0.959741,0.739277
0.507229,0.95804,0.740673
0.505154,0.956167,0.741955
0.502987,0.954027,0.742942
0.500884,0.951449,0.744925
0.498787,0.949392,0.746344
0.496846,0.947267,0.74839
0.49477,0.944897,0.75
0.492441,0.943016,0.751782
0.490554,0.941897,0.753398
0.488894,0.94052,0.754649
0.487113,0.939837,0.755426
0.486041,0.939672,0.756163
0.48566,0.940339,0.756553
0.485289,0.941236,0.757241
0.485414,0.942717,0.757751
0.485238,0.94386,0.75795
0.484995,0.945394,0.758174
0.484602,0.9472,0.75796
0.483902,0.948897,0.757564
0.482422,0.950499,0.757286
0.480805,0.953204,0.757329
0.47883,0.955372,0.756878
0.476808,0.957624,0.756266
0.475056,0.960293,0.75613
0.474305,0.963299,0.755601
0.47325,0.965758,0.755637
0.473046,0.968511,0.755395
0.473,0.970439,0.755263
0.473246,0.972867,0.754922
0.472985,0.974545,0.754594
0.473372,0.97614,0.754195
0.473606,0.977297,0.753802
0.47422,0.978139,0.753166
0.47477,0.978617,0.752749
0.475402,0.978648,0.75229
0.475941,0.978332,0.751808
0.476502,0.977624,0.75102
0.47753,0.97664,0.750304
0.47814,0.975668,0.749824
0.479026,0.974245,0.749418
0.479485,0.972398,0.749197
0.480383,0.970716,0.749176
0.481205,0.9694,0.749253
0.482434,0.96812,0.749501
0.483379,0.966442,0.749797
0.484786,0.965088,0.749643
0.48594,0.963317,0.75015
0.487549,0.961397,0.751094
0.48893,0.959791,0.751797
0.490695,0.957789,0.752335
0.492161,0.955324,0.753727
0.493723,0.953253,0.754729
0.494565,0.950913,0.756052
0.496009,0.948496,0.75756
0.49694,0.946138,0.759262
0.497851,0.944275,0.760897
0.498722,0.942168,0.76301
0.499297,0.940536,0.764614
0.499634,0.939135,0.766234
0.500104,0.938017,0.767699
0.500159,0.937815,0.768884
0.499919,0.937921,0.769778
0.499698,0.938343,0.770387
0.499474,0.939634,0.770592
0.499336,0.941164,0.770541
0.499039,0.942379,0.770456
0.49912,0.943746,0.7699
0.499815,0.944986,0.769644
0.500668,0.94664,0.76914
0.501716,0.948442,0.768764
0.503551,0.95092,0.768547
0.505384,0.953694,0.76846
0.506337,0.955848,0.768113
0.507599,0.958779,0.767612
0.50899,0.961796,0.767146
0.509651,0.96456,0.766483
0.510656,0.967189,0.76553
0.511041,0.970108,0.764556
0.511055,0.972709,0.763523
0.510992,0.974747,0.762401
0.510714,0.97683,0.761352
0.509777,0.977934,0.760263
0.508869,0.979164,0.75912
0.508294,0.980079,0.758018
0.507188,0.980596,0.756743
0.506265,0.980733,0.755497
0.50475,0.980351,0.754193
0.503964,0.979929,0.753092
0.503009,0.979375,0.751912
0.502211,0.978664,0.750913
0.501046,0.977474,0.749776
0.500254,0.976168,0.749058
0.499217,0.975107,0.748411
0.497611,0.973824,0.748192
0.496131,0.972773,0.747878
0.494434,0.972102,0.748219
0.491959,0.970531,0.748798
0.489814,0.969297,0.749372
0.487415,0.967828,0.749857
0.484508,0.966331,0.750827
0.482163,0.964617,0.751616
0.479525,0.962303,0.752333
0.476822,0.959945,0.75342
0.474231,0.957136,0.754587
0.471819,0.954899,0.755445
0.469181,0.952677,0.756167
0.466949,0.950677,0.75626
0.465048,0.948701,0.755903
0.463779,0.948086,0.755491
0.462481,0.947613,0.754782
0.461908,0.94812,0.754491
0.461943,0.949254,0.75432
0.461922,0.950895,0.75396
0.461851,0.952746,0.753415
0.461668,0.954288,0.752635
0.460959,0.955952,0.751961
0.460045,0.957371,0.751346
0.458896,0.959338,0.750748
0.457939,0.961401,0.750527
0.456811,0.963061,0.750296
0.456038,0.965589,0.749985
0.455268,0.967724,0.749547
0.454861,0.969599,0.748627
0.455207,0.971867,0.747861
0.455392,0.973518,0.74718
0.4554,0.974997,0.746477
0.455855,0.97647,0.745688
0.456328,0.977896,0.745117
0.456636,0.978832,0.744214
0.45749,0.979592,0.743603
0.458495,0.980028,0.742735
0.459633,0.979792,0.742171
0.460695,0.979244,0.741385
0.461625,0.978026,0.740522
0.462645,0.976902,0.739857
0.46397,0.975334,0.738867
0.465062,0.973827,0.738038
0.466118,0.971511,0.737331
0.467262,0.969697,0.736834
0.468798,0.967831,0.736199
0.469755,0.965809,0.736196
0.471164,0.964254,0.736298
0.472811,0.962236,0.735992
0.474491,0.960424,0.736478
0.476028,0.958704,0.736952
0.478054,0.956887,0.737327
0.479973,0.954751,0.738237
0.481417,0.952275,0.739337
0.483025,0.949705,0.740455
0.484748,0.947181,0.742013
0.485799,0.944587,0.743572
0.487203,0.942461,0.745267
0.488014,0.939973,0.746898
0.488873,0.938037,0.748357
0.489732,0.936859,0.74985
0.490057,0.935939,0.751143
0.490199,0.935912,0.75215
0.49041,0.936547,0.752806
0.490679,0.937656,0.753491
0.490623,0.938974,0.753773
0.491219,0.940627,0.753498
0.491812,0.941757,0.75321
0.49263,0.94323,0.752789
0.4942,0.945373,0.752623
0.495898,0.947514,0.752431
0.497735,0.950338,0.752464
0.499669,0.953221,0.752528
0.501449,0.956228,0.752536
0.502679,0.959049,0.752485
0.504365,0.962238,0.752233
0.505585,0.965393,0.751859
0.506301,0.967968,0.751386
0.50707,0.971175,0.751212
0.507834,0.974073,0.750645
0.508038,0.976405,0.749876
0.50833,0.978441,0.749312
0.508189,0.980153,0.748373
0.507965,0.981287,0.747681
0.507659,0.982049,0.746784
0.506976,0.98237,0.74593
0.506446,0.982467,0.745173
0.505906,0.982193,0.744279
0.505322,0.981496,0.743404
0.505217,0.980619,0.742226
0.505081,0.979092,0.741423
0.504574,0.977849,0.740575
0.504199,0.97607,0.740066
0.503959,0.974286,0.73956
0.50308,0.972038,0.739191
0.50255,0.9706,0.739468
0.501511,0.969015,0.739634
0.499996,0.967022,0.740349
0.498717,0.96522,0.741232
0.496659,0.963565,0.742379
0.494474,0.961232,0.744228
0.492594,0.959331,0.745195
0.490795,0.95695,0.74671
0.488573,0.954493,0.748485
0.486185,0.951696,0.75025
0.484409,0.948704,0.751893
0.482552,0.946164,0.753294
0.480928,0.943833,0.754566
0.479791,0.941476,0.755271
0.478915,0.940046,0.755299
0.47853,0.939055,0.755412
0.479059,0.938405,0.755496
0.479443,0.938347,0.755603
0.480007,0.938768,0.755885
0.480325,0.939928,0.755781
0.480614,0.94093,0.755604
0.480603,0.942208,0.755152
0.479357,0.943545,0.754929
0.478489,0.945584,0.754636
0.476643,0.947371,0.754339
0.474951,0.949369,0.753977
0.473469,0.952253,0.753895
0.472429,0.954916,0.753574
0.47178,0.958105,0.753324
0.471277,0.961087,0.752928
0.470632,0.963708,0.752562
0.470185,0.966376,0.752732
0.470121,0.96931,0.752307
0.469806,0.971491,0.752001
0.469919,0.973534,0.751618
0.470133,0.975345,0.751373
0.470323,0.976674,0.750925
0.470111,0.977524,0.75056
0.470274,0.978034,0.75021
0.47039,0.977797,0.7499
0.470813,0.977301,0.749552
0.471121,0.976722,0.748785
0.470953,0.975369,0.748161
0.471631,0.973857,0.747675
0.471903,0.972241,0.747126
0.472256,0.970125,0.74685
0.473072,0.968273,0.746336
0.473501,0.96632,0.7463
0.474137,0.964298,0.746303
0.475249,0.962463,0.746086
0.476324,0.960304,0.746114
0.477575,0.95847,0.746583
0.478612,0.955838,0.74737
0.480397,0.953714,0.748077
0.48169,0.951486,0.749022
0.482252,0.948907,0.750441
0.483158,0.946554,0.751967
0.484107,0.944283,0.753856
0.484766,0.942081,0.755727
0.48545,0.940319,0.757821
0.485931,0.938505,0.759575
0.486351,0.936798,0.761266
0.486587,0.935979,0.762578
0.48649,0.93576,0.763951
0.486235,0.935996,0.765163
0.486047,0.936954,0.765764
0.485699,0.938431,0.766118
0.4855,0.940136,0.766156
0.485591,0.941962,0.765765
0.485965,0.943533,0.765143
0.486551,0.945456,0.764782
0.487853,0.947887,0.764355
0.488632,0.95017,0.76399
0.490168,0.952954,0.76382
0.491533,0.956022,0.763444
0.49297,0.95905,0.763238
0.494311,0.961965,0.763008
0.49533,0.965064,0.762411
0.495899,0.967745,0.761708
0.496626,0.970481,0.761033
0.497055,0.973388,0.760126
0.496907,0.975347,0.759165
0.496767,0.977935,0.758333
0.496112,0.979376,0.757182
0.495483,0.980557,0.755796
0.495215,0.981822,0.754735
0.494424,0.982391,0.753404
0.493153,0.982351,0.752139
0.492715,0.982327,0.750757
0.491727,0.981104,0.749395
0.49128,0.980421,0.748192
0.490795,0.979242,0.747027
0.490865,0.977799,0.745832
0.49014,0.97578,0.744863
0.489933,0.974281,0.744249
0.489275,0.972538,0.74391
0.488171,0.970871,0.743829
0.487314,0.96936,0.743986
0.485869,0.968115,0.74431
0.484163,0.966486,0.744995
0.482533,0.9653,0.745932
0.480221,0.963586,0.74665
0.478177,0.961894,0.747662
0.475558,0.959946,0.748791
0.47343,0.957527,0.74998
0.470951,0.955034,0.751274
0.46841,0.952667,0.752318
0.466033,0.95034,0.753477
0.463803,0.948378,0.754458
0.461942,0.946829,0.754789
0.460282,0.945796,0.754714
0.459113,0.945761,0.75478
0.45849,0.946265,0.754955
0.45831,0.94691,0.755165
0.458211,0.94797,0.755261
0.458255,0.949822,0.755629
0.457635,0.950963,0.754897
0.457127,0.95212,0.754454
0.456241,0.953485,0.754067
0.455042,0.954665,0.753741
0.453314,0.956259,0.753633
0.452063,0.95817,0.753397
0.450919,0.960053,0.752979
0.449923,0.962193,0.752794
0.449457,0.96483,0.752461
0.449073,0.966851,0.751927
0.449074,0.968676,0.751387
0.449041,0.970662,0.750734
0.44926,0.972523,0.750094
0.449179,0.974005,0.749457
0.449819,0.975717,0.748534
0.450227,0.976596,0.747792
0.450647,0.977214,0.747121
0.451436,0.977838,0.746436
0.452245,0.977927,0.745817
0.453458,0.977678,0.74509
0.454571,0.976994,0.744166
0.455621,0.976296,0.743432
0.456828,0.9751,0.742563
0.457861,0.973967,0.742012
0.458958,0.97264,0.741718
0.460172,0.971063,0.741152
0.46134,0.969449,0.741147
0.462532,0.968126,0.741177
0.464103,0.966854,0.741339
0.46625,0.965431,0.741305
0.467678,0.963696,0.741725
0.469733,0.962077,0.742304
0.471957,0.959955,0.742678
0.473711,0.957345,0.743558
0.475807,0.954974,0.744318
0.47748,0.952153,0.7452
0.478854,0.94952,0.746471
0.480384,0.946915,0.748083
0.481669,0.944049,0.749439
0.48316,0.942367,0.751045
0.484212,0.940391,0.752552
0.48498,0.938477,0.753952
0.485881,0.937189,0.755522
0.486253,0.936612,0.756741
0.486499,0.936568,0.757695
0.486271,0.937106,0.758517
0.486656,0.938097,0.758961
0.486723,0.939675,0.759213
0.486968,0.940749,0.758969
0.487538,0.942223,0.758494
0.488144,0.944056,0.758157
0.489458,0.946095,0.757905
0.491067,0.948834,0.757867
0.492358,0.951506,0.757794
0.493718,0.954599,0.758056
0.494816,0.957872,0.758243
0.496281,0.960936,0.758153
0.497067,0.963845,0.75773
0.497864,0.966833,0.757464
0.498486,0.969629,0.756814
0.49856,0.972307,0.756015
0.498439,0.975046,0.755204
0.498274,0.977117,0.754236
0.497896,0.979192,0.753104
0.49739,0.980738,0.751954
0.496897,0.981873,0.750566
0.496033,0.982474,0.749319
0.495362,0.983026,0.748004
0.494627,0.982978,0.746493
0.494257,0.982831,0.745069
0.493791,0.982362,0.743706
0.493306,0.98157,0.742405
0.493201,0.980355,0.741293
0.492685,0.97848,0.739912
0.492413,0.977215,0.739096
0.492236,0.975946,0.738516
0.491275,0.974402,0.738211
0.490428,0.972887,0.738105
0.489536,0.971445,0.73857
0.488058,0.969905,0.738924
0.486665,0.968208,0.73962
0.484926,0.966316,0.740213
0.483342,0.964288,0.741244
0.481282,0.961967,0.742208
0.479488,0.959489,0.743281
0.477602,0.957036,0.744514
0.47565,0.954572,0.746177
0.473862,0.951667,0.74764
0.471597,0.949062,0.749316
0.469907,0.947003,0.750733
0.468154,0.945254,0.752319
0.466163,0.94324,0.753664
0.465478,0.943081,0.753904
0.465119,0.94354,0.754369
0.465148,0.944214,0.755179
0.46589,0.94577,0.755667
0.465868,0.94708,0.756117
0.466088,0.94844,0.756322
0.466037,0.950087,0.756119
0.465718,0.951574,0.755822
0.464732,0.953196,0.755597
0.463495,0.955262,0.75568
0.461813,0.957239,0.755791
0.460148,0.959284,0.755947
0.458911,0.961734,0.755857
0.458075,0.964075,0.755865
0.457397,0.966805,0.75604
0.457207,0.968839,0.756001
0.457067,0.970978,0.755954
0.457107,0.973039,0.755873
0.45729,0.975028,0.755686
0.457819,0.976822,0.755664
0.458366,0.978485,0.755159
0.458773,0.979284,0.754873
0.459835,0.97995,0.754131
0.460837,0.980211,0.753614
0.461783,0.979847,0.753086
0.462757,0.978753,0.752785
0.463965,0.977564,0.751879
0.465104,0.976314,0.751172
0.466069,0.974487,0.750651
0.466947,0.972452,0.750016
0.468064,0.970683,0.749597
0.468731,0.968418,0.7495
0.469632,0.966646,0.749413
0.470932,0.965228,0.749614
0.472151,0.963803,0.749803
0.473391,0.962104,0.749847
0.474918,0.960497,0.750464
0.476671,0.958782,0.751668
0.478019,0.956796,0.752707
0.480173,0.95486,0.753895
0.481821,0.952759,0.755121
0.483324,0.950104,0.756801
0.484932,0.94803,0.758221
0.485878,0.945809,0.759651
0.487358,0.94369,0.760909
0.488054,0.94177,0.761885
0.488392,0.940687,0.762865
0.488748,0.940003,0.763497
0.488512,0.939809,0.76405
0.488542,0.94052,0.76432
0.488799,0.941583,0.764603
0.488995,0.943157,0.764667
0.48927,0.944644,0.764392
0.489819,0.946301,0.76391
0.490233,0.948009,0.763676
0.491601,0.950167,0.763373
0.492265,0.952246,0.763232
0.493822,0.954699,0.763212
0.494909,0.957441,0.762946
0.495954,0.959669,0.762838
0.496783,0.962647,0.762547
0.498012,0.965733,0.762181
0.498355,0.968214,0.761173
0.498654,0.970816,0.760241
0.498794,0.97323,0.759058
0.499275,0.975786,0.757703
0.498827,0.977753,0.75655
0.498536,0.979495,0.755182
0.498368,0.98114,0.754059
0.497083,0.981993,0.752577
0.496408,0.982655,0.751403
0.495436,0.98301,0.749906
0.494631,0.983054,0.748764
0.493664,0.982769,0.747592
0.493095,0.982304,0.746596
0.492362,0.981306,0.745617
0.491824,0.980042,0.7446
0.491296,0.97896,0.744017
0.490713,0.977857,0.743695
0.489775,0.976526,0.743723
0.488864,0.975195,0.743942
0.488071,0.974149,0.744449
0.485856,0.972398,0.74514
0.484604,0.97126,0.745955
0.482219,0.969555,0.747113
0.480203,0.967845,0.74845
0.47805,0.965869,0.749468
0.475691,0.96349,0.751025
0.47368,0.961377,0.752605
0.471138,0.958581,0.753705
0.468891,0.956126,0.754641
0.46699,0.953968,0.755242
0.465461,0.952064,0.755561
0.464706,0.951556,0.754964
0.464238,0.951444,0.754598
0.464331,0.951724,0.754486
0.464547,0.952303,0.754638
0.465026,0.954059,0.754196
0.465561,0.95558,0.753752
0.465594,0.957109,0.753123
0.46535,0.958661,0.75249
0.464541,0.96,0.751971
0.463684,0.961971,0.751987
0.462643,0.963867,0.751855
0.461475,0.965347,0.751765
0.460097,0.967244,0.751705
0.459344,0.969639,0.751517
0.459054,0.9717,0.751192
0.459067,0.973617,0.750952
0.458889,0.975725,0.75069
0.459166,0.977517,0.750289
0.45931,0.979288,0.749716
0.459852,0.981065,0.749259
0.46037,0.982003,0.748811
0.461472,0.982952,0.748078
0.462406,0.983376,0.747499
0.463722,0.983557,0.746797
0.464781,0.98312,0.746317
0.466162,0.982167,0.745728
0.467309,0.98058,0.745142
0.468524,0.979133,0.74467
0.470212,0.977256,0.74377
0.471099,0.974896,0.74354
0.472184,0.973006,0.743295
0.473983,0.970963,0.742961
0.474993,0.968739,0.743157
0.476412,0.966602,0.743285
0.477721,0.964949,0.743592
0.479191,0.963097,0.744336
0.481222,0.961411,0.744753
0.482956,0.959159,0.745491
0.484785,0.956978,0.746738
0.48636,0.954881,0.747889
0.487993,0.95196,0.74949
0.489881,0.949625,0.750922
0.491185,0.947048,0.752319
0.49257,0.94485,0.753692
0.493234,0.94269,0.75441
0.493621,0.941393,0.754792
0.493679,0.940693,0.755205
0.493556,0.940675,0.755469
0.49346,0.941088,0.755673
0.493422,0.941932,0.755584
0.49338,0.94305,0.755305
0.494115,0.944836,0.754815
0.495015,0.946253,0.754452
0.496129,0.948039,0.754005
0.497982,0.950113,0.754103
0.499673,0.952341,0.753943
0.50138,0.954823,0.753932
0.5031,0.957439,0.753578
0.504345,0.960098,0.753296
0.505608,0.962982,0.753061
0.506563,0.96623,0.752471
0.506878,0.969339,0.751931
0.507464,0.972594,0.751193
0.508065,0.975521,0.750306
0.508216,0.978405,0.749474
0.508207,0.980877,0.748382
0.508106,0.982798,0.747411
0.508059,0.984626,0.746128
0.50758,0.985792,0.745063
0.506942,0.986494,0.744066
0.506207,0.987171,0.74295
0.505852,0.987466,0.741906
0.505078,0.987104,0.740685
0.504777,0.9866,0.739373
0.504745,0.985765,0.738229
0.504365,0.984669,0.737207
0.504039,0.983116,0.736375
0.503291,0.981498,0.73574
0.502726,0.979859,0.735232
0.502267,0.978283,0.735026
0.50076,0.976407,0.735124
0.499442,0.974864,0.735577
0.497845,0.972905,0.735829
0.496028,0.971506,0.736721
0.493789,0.969278,0.737432
0.49179,0.966947,0.738253
0.489728,0.964423,0.738903
0.487424,0.961963,0.739897
0.485329,0.959076,0.740947
0.483204,0.956016,0.74228
0.480927,0.953136,0.744087
0.478782,0.950157,0.745437
0.477121,0.947994,0.746589
0.475707,0.946219,0.747581
0.474113,0.944537,0.747643
0.473484,0.944128,0.74756
0.47341,0.944579,0.747393
0.474139,0.945752,0.747502
0.474695,0.946722,0.747715
0.475519,0.948321,0.747775
0.475976,0.950191,0.747516
0.476174,0.951563,0.747255
0.47586,0.95326,0.74698
0.475158,0.955116,0.746707
0.47373,0.956732,0.746384
0.472362,0.95881,0.746284
0.470794,0.960414,0.74606
0.469963,0.962588,0.745633
0.469603,0.964999,0.745372
0.469571,0.967182,0.745313
0.469565,0.969405,0.745069
0.469529,0.97107,0.74483
0.470169,0.973363,0.744511
0.470477,0.975021,0.744254
0.47151,0.976951,0.743759
0.472168,0.977913,0.743479
0.472985,0.978597,0.7429
0.47391,0.9791,0.742303
0.475249,0.979204,0.741673
0.476787,0.978429,0.740987
0.477745,0.977515,0.7404
0.478801,0.975761,0.739604
0.479594,0.97405,0.738602
0.480651,0.972462,0.738099
0.481775,0.970258,0.737354
0.48273,0.968417,0.737276
0.483362,0.966717,0.737347
0.484609,0.964933,0.73747
0.485767,0.963617,0.737524
0.48706,0.962279,0.738101
0.488722,0.961056,0.739065
0.489551,0.958891,0.74017
0.491231,0.956939,0.741347
0.492746,0.954806,0.742808
0.493592,0.95258,0.74447
0.495005,0.950454,0.746218
0.496326,0.948023,0.747954
0.497319,0.945277,0.749467
0.498325,0.943334,0.750419
0.499748,0.941503,0.750914
0.50023,0.939489,0.751301
0.500888,0.938527,0.751371
0.501374,0.938236,0.750778
0.501537,0.938686,0.750479
0.502043,0.940001,0.749892
0.502411,0.941662,0.749203
0.502717,0.943539,0.74829
0.503465,0.945598,0.747224
0.504797,0.948212,0.746587
0.506103,0.950665,0.745823
0.5076,0.953495,0.745417
0.509013,0.95652,0.745029
0.510917,0.959793,0.74479
0.512308,0.962895,0.744419
0.513407,0.966119,0.743734
0.514454,0.969205,0.742731
0.514879,0.971976,0.741768
0.515236,0.974604,0.740402
0.515742,0.97718,0.739001
0.515285,0.979158,0.737388
0.515247,0.981355,0.735779
0.514407,0.982894,0.734415
0.513757,0.984099,0.733066
0.512689,0.984744,0.731537
0.511662,0.985452,0.730327
0.510339,0.985712,0.729189
0.509068,0.985208,0.728352
0.507649,0.984495,0.72725
0.506179,0.983317,0.726219
0.505027,0.981929,0.725367
0.503716,0.980614,0.724508
0.502317,0.97874,0.723812
0.500845,0.977279,0.723133
0.498937,0.975406,0.722998
0.497334,0.97437,0.723184
0.495011,0.972679,0.723229
0.49305,0.97191,0.723719
0.490518,0.970286,0.72411
0.487981,0.969249,0.724848
0.485409,0.967602,0.725748
0.482981,0.966185,0.726406
0.480048,0.964166,0.72734
0.477218,0.9621,0.728637
0.474127,0.960005,0.729363
0.47171,0.958397,0.730253
0.469068,0.956463,0.730882
0.466824,0.955166,0.730772
0.464528,0.953957,0.730388
0.46342,0.954211,0.729885
0.46308,0.954706,0.729569
0.463068,0.955462,0.729249
0.463911,0.957249,0.729347
0.463415,0.958392,0.728445
0.463715,0.959895,0.727821
0.463366,0.961356,0.727009
0.462756,0.96227,0.726258
0.461137,0.963284,0.725374
0.459766,0.964593,0.725155
0.457792,0.96626,0.725379
0.45628,0.967438,0.725176
0.454027,0.968459,0.724082
0.451986,0.969898,0.72352
0.450848,0.971337,0.722987
0.44979,0.972903,0.722219
0.449044,0.97419,0.721418
0.447872,0.975426,0.720792
0.447079,0.976539,0.720187
0.44647,0.977565,0.719451
0.446098,0.978207,0.718786
0.44584,0.978318,0.718102
0.445511,0.97801,0.717259
0.445773,0.977062,0.716861
0.446092,0.976356,0.716366
0.446488,0.975301,0.715781
0.447375,0.974083,0.715243
0.447938,0.973008,0.714771
0.448667,0.97148,0.71442
0.449208,0.970128,0.714188
0.450151,0.968816,0.714391
0.450886,0.967884,0.714671
0.451754,0.966554,0.715201
0.452874,0.965704,0.71611
0.454671,0.9647,0.717454
0.455671,0.963171,0.718121
0.457299,0.96162,0.719289
0.458871,0.960143,0.720731
0.460467,0.958485,0.722014
0.462584,0.956667,0.723915
0.463685,0.954344,0.725448
0.465885,0.952395,0.727196
0.467588,0.950272,0.727872
0.469278,0.948086,0.728946
0.470604,0.946116,0.729663
0.47139,0.944574,0.729926
0.472125,0.943643,0.729572
0.47243,0.943674,0.729622
0.472802,0.945289,0.729534
0.473482,0.946839,0.729595
0.473743,0.948421,0.729214
0.47436,0.950248,0.72865
0.475837,0.952516,0.728486
0.476517,0.954499,0.727989
0.477851,0.956585,0.727641
0.479742,0.959315,0.727294
0.481915,0.962127,0.727409
0.483174,0.964595,0.727055
0.485233,0.96737,0.7268
0.486446,0.970278,0.726156
0.487882,0.972806,0.725521
0.48877,0.975197,0.724685
0.48963,0.977682,0.723777
0.490435,0.979998,0.722974
0.490958,0.981824,0.721742
0.491027,0.983649,0.72077
0.491051,0.984809,0.719944
0.490703,0.985803,0.718953
0.490405,0.986342,0.718176
0.48968,0.986677,0.717404
0.489084,0.986609,0.716747
0.488373,0.986136,0.716074
0.488123,0.985144,0.715458
0.487812,0.984443,0.71503
0.487098,0.983217,0.714395
0.486595,0.98205,0.714204
0.486072,0.980751,0.714419
0.485125,0.97949,0.7148
0.483891,0.978202,0.715124
0.482085,0.976507,0.71612
0.481305,0.975313,0.717569
0.478829,0.972879,0.718101
0.476984,0.971034,0.719574
0.474495,0.968688,0.720883
0.472025,0.966521,0.722804
0.469608,0.963704,0.724314
0.467108,0.960761,0.72618
0.464595,0.958134,0.727046
0.462471,0.955462,0.727462
0.461184,0.953758,0.727369
0.459574,0.951893,0.726612
0.459281,0.951233,0.726201
0.45944,0.951238,0.72584
0.459794,0.95224,0.725366
0.460224,0.953648,0.725049
0.460643,0.954919,0.724273
0.460757,0.956946,0.723378
0.460318,0.958465,0.722648
0.459292,0.960112,0.721844
0.458166,0.961963,0.72184
0.456833,0.963862,0.721662
0.455126,0.965565,0.721392
0.453935,0.967807,0.721154
0.453125,0.969799,0.720947
0.452669,0.972328,0.720779
0.452189,0.974217,0.720513
0.452711,0.976566,0.720402
0.452208,0.977951,0.719635
0.452772,0.979548,0.719311
0.45322,0.980998,0.718856
0.453716,0.981942,0.718174
0.454452,0.982474,0.717685
0.455674,0.982578,0.717065
0.45685,0.982271,0.716819
0.458227,0.981591,0.716833
0.459377,0.980184,0.716643
0.460568,0.978622,0.716286
0.461842,0.976935,0.716176
0.462796,0.974633,0.716241
0.464015,0.972342,0.715965
0.464892,0.969937,0.716407
0.466324,0.968213,0.717342
0.466723,0.965367,0.717548
0.468342,0.963555,0.71853
0.469417,0.961857,0.719353
0.470486,0.959798,0.720629
0.472339,0.958108,0.722092
0.474406,0.95684,0.723964
0.475123,0.954348,0.725228
0.477052,0.952283,0.727074
0.478397,0.949989,0.728923
0.479749,0.948189,0.731032
0.480857,0.945884,0.732701
0.481597,0.943602,0.734231
0.482539,0.942057,0.735622
0.48283,0.94037,0.737039
0.482947,0.940024,0.73787
0.482538,0.940148,0.739102
0.48256,0.94129,0.739391
0.483039,0.942864,0.740147
0.482945,0.944018,0.740295
0.483417,0.945241,0.740313
0.484373,0.946838,0.740157
0.485428,0.948347,0.740335
0.486655,0.950329,0.740291
0.488642,0.952693,0.740535
0.490166,0.955229,0.74058
0.491668,0.957613,0.740678
0.493265,0.960762,0.740872
0.494864,0.963602,0.740884
0.495617,0.966237,0.740712
0.496563,0.969317,0.740348
0.497579,0.972166,0.739943
0.497926,0.97486,0.739359
0.498176,0.977233,0.738789
0.498228,0.979204,0.738087
0.49776,0.980863,0.73764
0.497537,0.982149,0.736894
0.497138,0.98326,0.736106
0.496348,0.983735,0.735452
0.495513,0.983876,0.734678
0.494811,0.983656,0.733957
0.493867,0.982552,0.733079
0.493266,0.981582,0.732286
0.492922,0.980726,0.731417
0.492275,0.979639,0.730842
0.491528,0.978007,0.73058
0.491001,0.976603,0.730491
0.490039,0.975046,0.730374
0.489079,0.97364,0.730623
0.487941,0.971809,0.731141
0.485349,0.969233,0.732486
0.484737,0.968487,0.733058
0.483068,0.966809,0.734348
0.481354,0.965198,0.736319
0.479163,0.96252,0.737607
0.477314,0.960398,0.739196
0.475252,0.958065,0.740978
0.473282,0.95545,0.743227
0.471617,0.952792,0.7451
0.469868,0.950422,0.746638
0.468871,0.948674,0.747848
0.468073,0.947094,0.748357
0.467573,0.94646,0.748524
0.467674,0.94644,0.748439
0.468263,0.946918,0.748354
0.469298,0.948327,0.748143
0.47003,0.949824,0.748156
0.471157,0.951968,0.747815
0.471525,0.953666,0.747454
0.471691,0.95595,0.746771
0.470787,0.957838,0.746466
0.47,0.959941,0.745952
0.468646,0.961823,0.74566
0.467139,0.964184,0.745606
0.465985,0.966491,0.745239
0.464743,0.968471,0.745152
0.464387,0.971152,0.745011
0.463863,0.973229,0.744734
0.463604,0.975162,0.744397
0.463792,0.977022,0.7441
0.463758,0.978815,0.743651
0.464143,0.980301,0.743367
0.46452,0.981361,0.742758
0.465082,0.982377,0.742095
0.465585,0.982789,0.741679
0.46662,0.982845,0.741071
0.467299,0.982453,0.740699
0.468368,0.981412,0.740062
0.468973,0.980375,0.739563
0.469491,0.978615,0.738805
0.469864,0.976769,0.738361
0.470461,0.974597,0.737801
0.471086,0.97252,0.737357
0.471289,0.970517,0.73732
0.471757,0.96839,0.737293
0.472251,0.966882,0.737457
0.472921,0.965233,0.738002
0.473601,0.963783,0.738423
0.474569,0.962364,0.738969
0.476046,0.960825,0.739778
0.477033,0.959368,0.740811
0.478222,0.957713,0.74198
0.479193,0.955815,0.743167
0.480315,0.953661,0.744692
0.481281,0.95131,0.74626
0.482497,0.948932,0.747933
0.483727,0.946962,0.74901
0.484505,0.944542,0.75034
0.485174,0.942124,0.751907
0.486132,0.941307,0.753077
0.486427,0.940914,0.754102
0.486384,0.941297,0.754443
0.486164,0.942448,0.75491
0.485866,0.943797,0.755241
0.485716,0.945079,0.755136
0.485524,0.946637,0.754734
0.485395,0.947946,0.754199
0.485889,0.949462,0.753784
0.486242,0.951383,0.753162
0.486861,0.952991,0.75273
0.487823,0.95584,0.752322
0.489117,0.958863,0.752216
0.48993,0.961226,0.751949
0.491138,0.963972,0.751669
0.492127,0.966688,0.751233
0.492873,0.969248,0.750514
0.493483,0.971571,0.749889
0.493617,0.973885,0.749174
0.493765,0.975634,0.748244
0.493502,0.977527,0.747377
0.492817,0.978712,0.746502
0.49177,0.979545,0.745582
0.491083,0.980157,0.744503
0.489959,0.980281,0.743541
0.489002,0.98018,0.74268
0.48806,0.979839,0.741854
0.487075,0.979142,0.740962
0.486391,0.978234,0.740258
0.485186,0.976616,0.739646
0.484845,0.975468,0.739281
0.483969,0.973925,0.738762
0.482939,0.972426,0.738912
0.482463,0.971215,0.739276
0.481326,0.969648,0.739789
0.479894,0.968169,0.740214
0.478501,0.966567,0.741136
0.476933,0.965038,0.742043
0.475169,0.963415,0.743368
0.473026,0.961769,0.74485
0.470774,0.960014,0.746364
0.468867,0.958176,0.747783
0.46666,0.956045,0.749489
0.463249,0.952827,0.751656
0.462627,0.951829,0.75254
0.460506,0.949366,0.753925
0.459261,0.947984,0.754418
0.458093,0.946531,0.75478
0.457635,0.945885,0.754933
0.457212,0.945666,0.755096
0.456558,0.945627,0.755116
0.456356,0.945978,0.75547
0.456444,0.94728,0.755829
0.456454,0.948877,0.755769
0.456007,0.950205,0.755484
0.455232,0.951839,0.755076
0.453588,0.953071,0.754975
0.452453,0.95529,0.754843
0.450906,0.957145,0.75524
0.449487,0.959497,0.755469
0.448447,0.961837,0.755446
0.447926,0.964391,0.755434
0.447282,0.966976,0.755728
0.447135,0.969285,0.755614
0.447267,0.970999,0.755761
0.447709,0.973361,0.755584
0.447954,0.974715,0.755525
0.4485,0.976581,0.75519
0.449254,0.977985,0.754998
0.45046,0.978746,0.754603
0.451818,0.979784,0.754243
0.452949,0.97993,0.754045
0.454381,0.979895,0.753793
0.455778,0.979223,0.753679
0.457043,0.978378,0.753368
0.458371,0.977046,0.753133
0.459355,0.975391,0.752868
0.460531,0.973416,0.752735
0.461951,0.971644,0.75278
0.462995,0.969534,0.75301
0.464155,0.96761,0.753049
0.465501,0.965445,0.753368
0.466967,0.963594,0.753754
0.468894,0.96191,0.754442
0.47045,0.959651,0.755241
0.471911,0.957406,0.75648
0.473717,0.955339,0.757948
0.474862,0.952846,0.759352
0.476387,0.950187,0.760859
0.477276,0.947788,0.762258
0.478141,0.945429,0.763809
0.478798,0.943094,0.765196
0.479258,0.941199,0.766297
0.479677,0.939503,0.767289
0.479806,0.938659,0.768196
0.479717,0.938495,0.768698
0.479644,0.938992,0.768892
0.479579,0.940266,0.768887
0.479387,0.941682,0.76894
0.479394,0.942993,0.768734
0.479776,0.94492,0.767778
0.480616,0.946899,0.767452
0.481259,0.949074,0.766686
0.48242,0.951395,0.765828
0.483706,0.954455,0.765339
0.485,0.957542,0.7648
0.486175,0.960667,0.764257
0.487201,0.963951,0.763448
0.48797,0.967006,0.762527
0.488921,0.970103,0.761689
0.489585,0.973332,0.760589
0.490052,0.976403,0.75932
0.490048,0.978282,0.758558
0.490629,0.981098,0.756802
0.490576,0.982887,0.755493
0.490278,0.984556,0.754248
0.489885,0.985477,0.752962
0.489245,0.986083,0.751688
0.488632,0.986273,0.750445
0.488034,0.986161,0.749257
0.487102,0.985392,0.748314
0.486846,0.98496,0.74694
0.48632,0.983461,0.745474
0.486085,0.981959,0.744767
0.485606,0.980436,0.743962
0.485296,0.978611,0.743393
0.484829,0.976678,0.742947
0.484359,0.974899,0.742616
0.483202,0.972935,0.743124
0.48214,0.971223,0.743485
0.480713,0.969333,0.744063
0.479097,0.967509,0.745024
0.477428,0.965976,0.745794
0.475454,0.964028,0.746945
0.473715,0.96175,0.748105
0.471648,0.959675,0.749203
0.469417,0.957295,0.750777
0.467105,0.954931,0.752394
0.465107,0.952445,0.754351
0.463007,0.950206,0.756131
0.460002,0.947522,0.75842
0.459371,0.946852,0.759112
0.458204,0.946105,0.759475
0.457438,0.945987,0.759485
0.457671,0.946555,0.759835
0.457973,0.947516,0.760129
0.458233,0.948996,0.760429
0.458648,0.950466,0.760703
0.459437,0.952478,0.760587
0.459128,0.954045,0.760309
0.458688,0.955649,0.759974
0.457685,0.957695,0.759684
0.45575,0.959711,0.759636
0.454093,0.961736,0.759622
0.452642,0.963716,0.759531
0.451467,0.965896,0.759576
0.450838,0.968322,0.759281
0.450133,0.970318,0.75903
0.450235,0.972761,0.759329
0.449877,0.974095,0.758866
0.45004,0.975478,0.758477
0.450967,0.977288,0.758164
0.451136,0.978038,0.757032
0.451966,0.97851,0.756205
0.453308,0.979309,0.755335
0.454214,0.97912,0.754701
0.455745,0.97865,0.753743
0.457121,0.977516,0.752893
0.458483,0.976115,0.7523
0.459682,0.974415,0.751722
0.460975,0.972782,0.751203
0.462434,0.971149,0.750998
0.463708,0.968995,0.750993
0.46498,0.967378,0.751372
0.466108,0.966049,0.751817
0.467052,0.964121,0.752355
0.46853,0.96277,0.752756
0.470362,0.961435,0.753529
0.472146,0.959949,0.753948
0.473885,0.958307,0.754949
0.475947,0.956315,0.755568
0.477964,0.954084,0.756511
0.47963,0.951543,0.757716
0.481128,0.948883,0.758917
0.482878,0.946276,0.760157
0.484175,0.944228,0.761477
0.485168,0.94221,0.76266
0.486362,0.940595,0.764069
0.48682,0.939402,0.765307
0.487224,0.939098,0.766335
0.487578,0.939277,0.767573
0.487719,0.939733,0.768272
0.487722,0.940498,0.76888
0.487721,0.942164,0.769458
0.488408,0.943761,0.769533
0.488531,0.944907,0.769472
0.489178,0.946488,0.769307
0.490125,0.947951,0.769078
0.491377,0.949546,0.76881
0.492416,0.951487,0.76848
0.493976,0.953676,0.768095
0.494961,0.955603,0.767681
0.49643,0.9584,0.767487
0.497315,0.961043,0.767101
0.498464,0.963787,0.766758
0.499378,0.966776,0.766477
0.499659,0.969378,0.765809
0.500511,0.972536,0.765447
0.500076,0.97426,0.764606
0.500757,0.976606,0.763875
0.499888,0.977801,0.762677
0.49961,0.978729,0.761651
0.499106,0.97947,0.760768
0.498287,0.979993,0.759738
0.49834,0.980799,0.758873
0.496978,0.980133,0.757586
0.496184,0.979437,0.756294
0.495942,0.978834,0.755134
0.495447,0.978119,0.754274
0.494805,0.97709,0.753516
0.494036,0.975407,0.752963
0.493534,0.974208,0.752521
0.492863,0.973232,0.752238
0.491825,0.971726,0.752382
0.491103,0.970708,0.752944
0.489153,0.96923,0.753351
0.487808,0.967893,0.754065
0.48576,0.966313,0.755024
0.484,0.964878,0.755965
0.481703,0.963233,0.757085
0.479767,0.961524,0.758261
0.477776,0.959367,0.75945
0.475898,0.95691,0.760648
0.473707,0.954613,0.762294
0.471297,0.952382,0.763744
0.469362,0.950378,0.765379
0.467546,0.948271,0.766263
0.465895,0.946641,0.767136
0.464394,0.945423,0.767665
0.463167,0.94544,0.768487
0.462526,0.945808,0.76886
0.461659,0.946463,0.769037
0.461609,0.947819,0.76954
0.461,0.949866,0.770175
0.460607,0.952022,0.770334
0.460157,0.953948,0.770268
0.45901,0.955661,0.770282
0.457449,0.957661,0.770454
0.456461,0.960129,0.770854
0.45419,0.961977,0.770916
0.452991,0.96427,0.770937
0.451317,0.966544,0.771331
0.450508,0.969061,0.771114
0.449899,0.971387,0.770923
0.449436,0.973132,0.770868
0.449185,0.97536,0.771074
0.448972,0.976635,0.771263
0.44943,0.978496,0.770913
0.449793,0.979881,0.770604
0.45018,0.980659,0.770348
0.45058,0.981502,0.770058
0.451504,0.981732,0.769548
0.452157,0.981599,0.769212
0.453122,0.980926,0.768662
0.453838,0.979808,0.768069
0.455021,0.978754,0.767637
0.456316,0.977337,0.767252
0.457303,0.975734,0.766692
0.458523,0.973838,0.766536
0.459654,0.971714,0.766478
0.460905,0.970224,0.766756
0.462145,0.968458,0.766967
0.463533,0.966837,0.767403
0.465395,0.965312,0.767642
0.467218,0.963551,0.76816
0.468778,0.961112,0.76909
0.471377,0.958917,0.769874
0.473111,0.95648,0.770907
0.475371,0.954139,0.772271
0.477087,0.951122,0.77322
0.47885,0.948799,0.774965
0.480065,0.946128,0.776635
0.481581,0.944027,0.778349
0.482735,0.942051,0.779749
0.482924,0.939842,0.781109
0.48381,0.938754,0.782478
0.48378,0.938397,0.783696
0.483759,0.93866,0.784802
0.483386,0.939608,0.785678
0.483232,0.940964,0.78669
0.48357,0.94316,0.78749
0.483896,0.944691,0.787728
0.484257,0.946766,0.787814
0.485378,0.948888,0.788073
0.486169,0.951065,0.788118
0.487847,0.953793,0.788455
0.48912,0.95627,0.788541
0.490562,0.958893,0.788507
0.492306,0.961992,0.788442
0.493731,0.964902,0.788195
0.494984,0.967792,0.788106
0.495788,0.970795,0.78781
0.496842,0.973901,0.787568
0.497509,0.976897,0.786981
0.49821,0.979518,0.786466
0.49833,0.981173,0.785811
0.498514,0.983263,0.784807
0.49818,0.984083,0.783771
0.497659,0.984682,0.782763
0.497236,0.98484,0.781707
0.496757,0.984694,0.780438
0.496129,0.984146,0.779008
0.495416,0.983347,0.777755
0.494579,0.981856,0.776421
0.493759,0.980353,0.775321
0.493378,0.978496,0.77416
0.493126,0.976864,0.773627
0.492303,0.974663,0.772856
0.492076,0.973012,0.772473
0.491097,0.970912,0.772441
0.490817,0.969254,0.772394
0.489823,0.967321,0.773017
0.489099,0.965881,0.77376
0.487095,0.963332,0.774726
0.486147,0.962021,0.77576
0.484378,0.959943,0.776938
0.483199,0.958402,0.778392
0.480882,0.955721,0.779825
0.479051,0.953883,0.780986
0.476197,0.950317,0.783455
0.475922,0.949083,0.784417
0.474015,0.946576,0.786472
0.472774,0.94508,0.787558
0.471626,0.943736,0.788914
0.470722,0.942815,0.789912
0.47006,0.942215,0.790555
0.469859,0.942353,0.791048
0.46974,0.943103,0.791629
0.470185,0.94435,0.792254
0.470051,0.94555,0.792623
0.470366,0.947298,0.793301
0.470338,0.948884,0.793479
0.469891,0.950241,0.793333
0.468923,0.951696,0.793062
0.467941,0.954136,0.792843
0.466348,0.955874,0.792514
0.464961,0.958254,0.792312
0.463622,0.960712,0.792055
0.463508,0.963425,0.791937
0.462787,0.96548,0.79156
0.462733,0.968317,0.79152
0.462462,0.970233,0.791469
0.46271,0.972312,0.791428
0.462783,0.973954,0.791257
0.463491,0.975544,0.790962
0.464225,0.976729,0.790318
0.464764,0.977469,0.789921
0.465386,0.977877,0.789352
0.466186,0.978175,0.788876
0.467069,0.97788,0.788053
0.468138,0.977378,0.787296
0.469116,0.976652,0.786664
0.469919,0.975738,0.78604
0.471323,0.974477,0.785461
0.472165,0.97355,0.785164
0.473418,0.972396,0.785273
0.474437,0.971403,0.785389
0.475675,0.97022,0.785481
0.476628,0.969049,0.785661
0.477968,0.967686,0.785904
0.479535,0.9665,0.786436
0.481241,0.964579,0.787045
0.482992,0.962713,0.788014
0.484686,0.9609,0.788982
0.486588,0.959047,0.789887
0.488384,0.956293,0.79119
0.489872,0.954043,0.792292
0.491385,0.951534,0.794037
0.492649,0.949095,0.795588
0.493789,0.946784,0.796896
0.495277,0.944689,0.797865
0.495824,0.942198,0.799018
0.496361,0.940754,0.799855
0.496957,0.939517,0.80057
0.496888,0.938857,0.801067
0.497003,0.939121,0.801302
0.497346,0.939878,0.801814
0.496809,0.940702,0.801617
0.497056,0.941597,0.801514
0.497537,0.942723,0.801031
0.498293,0.944074,0.800584
0.498848,0.945454,0.800183
0.50035,0.947504,0.79958
0.501718,0.949496,0.799155
0.50281,0.952035,0.798606
0.504502,0.954655,0.797973
0.505411,0.957372,0.797288
0.506777,0.960566,0.796412
0.507348,0.963116,0.795695
0.507883,0.966142,0.79476
0.508515,0.969227,0.793673
0.509079,0.971963,0.792702
0.508813,0.974231,0.791514
0.508491,0.976167,0.790235
0.508111,0.977922,0.789093
0.50766,0.979032,0.787736
0.506835,0.980026,0.786571
0.505924,0.980708,0.785228
0.50509,0.980849,0.784053
0.503918,0.980402,0.782637
0.503276,0.979718,0.781055
0.502244,0.97874,0.779531
0.501538,0.977335,0.77853
0.500577,0.975788,0.777443
0.500215,0.974169,0.77641
0.499147,0.971976,0.775438
0.498718,0.970504,0.774998
0.497217,0.968176,0.77452
0.496036,0.966459,0.774242
0.494402,0.963898,0.774747
0.492847,0.962189,0.774643
0.491264,0.960299,0.775185
0.489123,0.958287,0.775572
0.48708,0.956213,0.776269
0.484758,0.954037,0.776826
0.482331,0.951721,0.777591
0.480572,0.949207,0.778446
0.478369,0.946609,0.779433
0.476435,0.944355,0.780742
0.474553,0.942216,0.781694
0.472482,0.940336,0.782976
0.470661,0.938998,0.784161
0.468905,0.93774,0.785064
0.467769,0.937304,0.785984
0.466893,0.937569,0.786418
0.466418,0.938505,0.786612
0.466283,0.939483,0.786752
0.466164,0.941058,0.786886
0.466563,0.942597,0.787004
0.466794,0.944277,0.786646
0.466486,0.945884,0.78616
0.46624,0.947548,0.785576
0.465101,0.949677,0.785165
0.463638,0.951949,0.784959
0.462695,0.954838,0.784322
0.461507,0.957343,0.783916
0.460643,0.96038,0.783468
0.46005,0.963014,0.782886
0.459578,0.965193,0.782627
0.459047,0.968005,0.782554
0.458593,0.969998,0.782342
0.458708,0.972137,0.781955
0.458468,0.973785,0.781664
0.458701,0.975109,0.78115
0.458936,0.976161,0.780573
0.459083,0.977037,0.780042
0.459299,0.977288,0.779273
0.459672,0.977031,0.778558
0.459957,0.976534,0.777973
0.460601,0.975646,0.776966
0.461296,0.974472,0.776129
0.461437,0.972717,0.775585
0.462307,0.971048,0.774974
0.462781,0.96946,0.774712
0.463467,0.967822,0.774573
0.464429,0.966424,0.774656
0.465441,0.965119,0.774677
0.466664,0.964006,0.774835
0.468047,0.96283,0.775174
0.46959,0.96129,0.775695
0.471461,0.959651,0.775608
0.473583,0.95794,0.776251
0.475229,0.955542,0.776663
0.477093,0.953238,0.777117
0.47902,0.950844,0.777725
0.480659,0.948217,0.778554
0.482053,0.945683,0.779452
0.483823,0.943581,0.780647
0.485186,0.941916,0.781746
0.486268,0.939629,0.782882
0.487879,0.937824,0.784333
0.489085,0.936797,0.785644
0.490083,0.936445,0.786918
0.490809,0.93636,0.787757
0.491254,0.936647,0.788291
0.491931,0.937807,0.789021
0.492514,0.93887,0.789338
0.492966,0.940338,0.788985
0.493556,0.941509,0.788757
0.494833,0.943092,0.788403
0.495788,0.944339,0.787879
0.497727,0.946499,0.787211
0.498732,0.948154,0.78642
0.500397,0.950725,0.785894
0.502247,0.953775,0.785498
0.503645,0.956356,0.784921
0.505265,0.95948,0.784349
0.506335,0.96231,0.783751
0.507635,0.965394,0.783128
0.508408,0.968172,0.781919
0.509264,0.970768,0.781002
0.509319,0.972907,0.78007
0.509943,0.97518,0.779041
0.50945,0.976594,0.777804
0.509276,0.977668,0.776709
0.5092,0.978821,0.775607
0.508792,0.979298,0.774392
0.508326,0.979484,0.773321
0.507594,0.978932,0.772138
0.507647,0.97843,0.770942
0.506856,0.97713,0.769812
0.506668,0.975844,0.768928
0.506663,0.974509,0.76817
0.506147,0.972087,0.767346
0.506281,0.970403,0.766562
0.50573,0.968196,0.766108
0.505309,0.966142,0.765574
0.504718,0.964095,0.765427
0.503642,0.961988,0.76532
0.502725,0.959813,0.765633
0.501067,0.957444,0.766083
0.499972,0.955712,0.766597
0.498374,0.953417,0.767298
0.496454,0.951106,0.768323
0.495003,0.949583,0.769358
0.493102,0.947072,0.770538
0.491764,0.944856,0.772059
0.490179,0.942838,0.773774
0.488111,0.940778,0.775383
0.486212,0.939409,0.777397
0.484543,0.938288,0.77887
0.483141,0.93758,0.780236
0.481619,0.937191,0.781425
0.480878,0.937699,0.782247
0.480469,0.939239,0.783027
0.479996,0.940824,0.783968
0.479596,0.942482,0.784506
0.480087,0.944446,0.785198
0.479894,0.946303,0.785506
0.479844,0.948386,0.78588
0.479313,0.949752,0.78587
0.478591,0.951501,0.785657
0.477331,0.953659,0.785576
0.474942,0.955712,0.785166
0.473355,0.958111,0.784637
0.471784,0.960755,0.784193
0.470527,0.963462,0.783639
0.46962,0.965941,0.783284
0.468928,0.968517,0.782996
0.468446,0.970328,0.782742
0.468601,0.972597,0.782328
0.468673,0.974071,0.781894
0.468957,0.975523,0.781367
0.469532,0.976895,0.780761
0.470147,0.977549,0.780072
0.470967,0.977879,0.779322
0.472037,0.977949,0.778574
0.472895,0.977747,0.777728
0.474165,0.977377,0.776815
0.474897,0.976732,0.775981
0.475857,0.975427,0.774988
0.476509,0.974457,0.774097
0.477485,0.973217,0.773904
0.478051,0.971621,0.773406
0.479029,0.97034,0.773415
0.479848,0.969289,0.773193
0.480957,0.968092,0.773116
0.482211,0.966893,0.772867
0.483136,0.964948,0.77327
0.484468,0.963423,0.773737
0.486569,0.961676,0.774344
0.488246,0.959547,0.774747
0.490143,0.95767,0.77565
0.491822,0.955381,0.776508
0.493132,0.952994,0.77715
0.494568,0.950926,0.778376
0.495706,0.948417,0.779811
0.496894,0.946518,0.780872
0.497725,0.944587,0.78207
0.498801,0.942631,0.782967
0.499445,0.941513,0.783882
0.500232,0.940409,0.78477
0.500587,0.940121,0.785521
0.500656,0.939943,0.785987
0.500839,0.940751,0.786845
0.500831,0.941778,0.787266
0.501137,0.943185,0.78735
0.501598,0.944573,0.7871
0.501725,0.946066,0.78683
0.502944,0.94789,0.78654
0.50373,0.949409,0.786178
0.50482,0.951649,0.785714
0.506098,0.95352,0.785353
0.507383,0.956086,0.78445
0.508919,0.958595,0.783959
0.509919,0.961045,0.783376
0.511473,0.963741,0.78276
0.512376,0.966442,0.78191
0.51345,0.969001,0.781065
0.514037,0.971463,0.780271
0.51473,0.973664,0.779372
0.51521,0.975594,0.778222
0.515485,0.977197,0.7772
0.515376,0.978124,0.776258
0.514939,0.978701,0.775056
0.514606,0.979081,0.774029
0.514261,0.979097,0.772749
0.514135,0.978544,0.771755
0.513699,0.97772,0.770211
0.513288,0.97681,0.769036
0.512842,0.974974,0.767721
0.512441,0.973244,0.766564
0.512071,0.971128,0.765553
0.511877,0.969261,0.76464
0.511125,0.966769,0.76403
0.510939,0.964758,0.763319
0.510116,0.962426,0.763095
0.509406,0.960637,0.76291
0.508566,0.95838,0.763198
0.507867,0.956839,0.7637
0.506137,0.954473,0.764008
0.504689,0.952522,0.764403
0.503382,0.950805,0.764966
0.502214,0.948682,0.765639
0.500705,0.946682,0.76647
0.499178,0.944286,0.767785
0.497941,0.942044,0.769082
0.495163,0.939156,0.771213
0.494541,0.938543,0.772254
0.492891,0.936866,0.773624
0.491404,0.935774,0.775015
0.489633,0.934927,0.776017
0.488461,0.934633,0.776748
0.487722,0.935518,0.777463
0.487087,0.936783,0.77786
0.486947,0.938501,0.778603
0.486811,0.940533,0.778863
0.486626,0.942394,0.77898
0.486572,0.94468,0.77931
0.486129,0.946744,0.779163
0.485256,0.948466,0.778796
0.484518,0.951072,0.778423
0.482746,0.953479,0.777968
0.481104,0.956235,0.777459
0.479527,0.958918,0.776478
0.478093,0.961916,0.775991
0.477341,0.964924,0.775187
0.47634,0.967352,0.774606
0.475529,0.969972,0.774286
0.475098,0.972071,0.773784
0.474799,0.974297,0.773089
0.474495,0.976181,0.772389
0.474607,0.9777,0.771657
0.474514,0.978807,0.770924
0.47467,0.979435,0.770128
0.474906,0.979813,0.769345
0.475493,0.980007,0.768166
0.475642,0.979425,0.766986
0.476355,0.978918,0.765815
0.476789,0.977687,0.764554
0.477329,0.976536,0.763583
0.477733,0.974893,0.762737
0.477908,0.973335,0.762022
0.478268,0.971637,0.761537
0.478671,0.969988,0.76114
0.479434,0.968555,0.760964
0.480212,0.967248,0.760722
0.481544,0.965818,0.760326
0.482639,0.96393,0.76054
0.483953,0.962178,0.761097
0.485741,0.960214,0.761207
0.487327,0.958141,0.761326
0.48911,0.956213,0.761916
0.490342,0.953723,0.762558
0.491488,0.95157,0.763236
0.492896,0.949521,0.764335
0.494169,0.947361,0.765514
0.495337,0.945415,0.766555
0.496345,0.943632,0.767288
0.497637,0.941969,0.768577
0.498575,0.940864,0.769553
0.499307,0.940284,0.770364
0.499807,0.94015,0.770844
0.500176,0.940414,0.771207
0.50016,0.941048,0.7718
0.500564,0.94231,0.771976
0.50078,0.943625,0.77175
0.501076,0.945044,0.771211
0.501582,0.94609,0.770859
0.502591,0.947492,0.770329
0.503537,0.948769,0.769559
0.504902,0.950783,0.768804
0.506833,0.953112,0.768162
0.508183,0.955488,0.767358
0.509955,0.957956,0.766896
0.511531,0.960631,0.766174
0.512994,0.963554,0.765512
0.513654,0.965955,0.764784
0.51477,0.968652,0.763992
0.515464,0.971183,0.763134
0.515956,0.973345,0.762289
0.516212,0.9751,0.761082
0.516118,0.976629,0.760259
0.516246,0.977807,0.759059
0.515812,0.978568,0.757991
0.515359,0.979003,0.757047
0.514931,0.979132,0.756042
0.514596,0.978914,0.754816
0.514063,0.977949,0.753805
0.513787,0.977089,0.752891
0.513347,0.975869,0.751597
0.51327,0.974127,0.750736
0.512779,0.972485,0.750066
0.513007,0.97116,0.750012
0.511796,0.968574,0.748856
0.511424,0.96674,0.748069
0.510432,0.964687,0.748068
0.509808,0.962882,0.748056
0.508243,0.960746,0.748414
0.506973,0.958994,0.749117
0.505447,0.956845,0.749871
0.504032,0.955117,0.750574
0.50218,0.953366,0.751419
0.500023,0.951228,0.752957
0.498682,0.949379,0.754014
0.496908,0.947201,0.755263
0.495127,0.945259,0.756833
0.493174,0.943295,0.758199
0.490885,0.941778,0.759759
0.489289,0.940578,0.760617
0.487847,0.939822,0.76139
0.486258,0.939198,0.761982
0.485241,0.939513,0.763018
0.484426,0.940566,0.763637
0.483826,0.941843,0.764425
0.483241,0.943618,0.765547
0.483113,0.945408,0.766005
0.482422,0.946824,0.766195
0.481228,0.948458,0.766907
0.480442,0.950105,0.76694
0.479172,0.951927,0.766903
0.476698,0.953696,0.766626
0.474884,0.956071,0.7665
0.472864,0.958399,0.76614
0.471325,0.961451,0.765589
0.470186,0.963886,0.76519
0.469412,0.967305,0.765278
0.468303,0.969407,0.764806
0.467746,0.971918,0.764596
0.467254,0.974464,0.764412
0.467323,0.976543,0.764183
0.467255,0.978344,0.763789
0.46747,0.979973,0.763128
0.467336,0.980981,0.762581
0.467672,0.981781,0.762081
0.468218,0.982449,0.761188
0.468844,0.982771,0.760181
0.469568,0.982389,0.758953
0.469786,0.981867,0.757903
0.47017,0.981001,0.756728
0.471036,0.979792,0.755676
0.471329,0.978508,0.755025
0.472067,0.977093,0.754206
0.472671,0.97539,0.753483
0.473353,0.973793,0.753133
0.47406,0.972268,0.752751
0.475141,0.970161,0.752189
0.476274,0.968398,0.752191
0.47769,0.966494,0.752347
0.478935,0.964113,0.752378
0.480411,0.962073,0.752703
0.482009,0.959849,0.753301
0.483649,0.957725,0.753749
0.484983,0.955492,0.75448
0.485941,0.952837,0.755506
0.487292,0.950664,0.756717
0.488418,0.947907,0.758007
0.489742,0.945827,0.759264
0.491001,0.943526,0.760607
0.491885,0.941576,0.761805
0.492634,0.939658,0.762849
0.493093,0.938863,0.763746
0.493329,0.938697,0.764215
0.493572,0.938973,0.764851
0.493478,0.93964,0.765596
0.493822,0.940748,0.765857
0.494049,0.94224,0.765615
0.49453,0.9432,0.765364
0.495613,0.944451,0.765171
0.496804,0.945657,0.764441
0.497879,0.946902,0.763872
0.499242,0.948803,0.763457
0.500921,0.95099,0.762789
0.502507,0.953082,0.762307
0.503616,0.955656,0.761582
0.505125,0.958309,0.760723
0.506408,0.961379,0.760151
0.50694,0.963975,0.759392
0.508106,0.966784,0.758743
0.508863,0.969708,0.757894
0.50907,0.972077,0.756972
0.509456,0.974189,0.756167
0.509546,0.975976,0.755049
0.509375,0.977167,0.75412
0.509488,0.978236,0.752804
0.509138,0.978666,0.751804
0.508445,0.978746,0.750602
0.507909,0.978635,0.749465
0.507142,0.978111,0.748154
0.506798,0.97703,0.746667
0.50613,0.975645,0.745499
0.505873,0.97439,0.744591
0.505481,0.973076,0.743493
0.504943,0.970862,0.7427
0.504581,0.969586,0.742167
0.503062,0.967057,0.742205
0.502915,0.966115,0.741628
0.502264,0.964797,0.74171
0.500704,0.962447,0.741691
0.499309,0.960705,0.742062
0.497609,0.958808,0.742444
0.496179,0.956717,0.742912
0.494485,0.954702,0.74349
0.492551,0.95252,0.744435
0.490487,0.950299,0.745326
0.489029,0.947986,0.746644
0.487487,0.945913,0.747852
0.485984,0.943733,0.749389
0.484652,0.941616,0.751027
0.483284,0.940175,0.752671
0.481562,0.938609,0.754347
0.480121,0.937362,0.75576
0.478964,0.936144,0.756779
0.478284,0.935754,0.757735
0.47806,0.936213,0.758377
0.478115,0.937458,0.75928
0.478008,0.938772,0.759806
0.478387,0.940058,0.760171
0.478511,0.941789,0.760245
0.478755,0.943209,0.760417
0.478617,0.944787,0.760458
0.478048,0.946523,0.760073
0.476717,0.948116,0.759613
0.475213,0.95005,0.759051
0.474048,0.952944,0.758718
0.4728,0.955644,0.757822
0.471775,0.958448,0.757111
0.471,0.961535,0.756346
0.470509,0.964316,0.755827
0.470274,0.967126,0.755276
0.47038,0.969956,0.754697
0.470447,0.972276,0.754287
0.470648,0.975073,0.753709
0.471293,0.977067,0.753171
0.471934,0.97891,0.752811
0.472797,0.980392,0.752146
0.473561,0.980973,0.75139
0.474507,0.981637,0.750686
0.475339,0.981733,0.749676
0.476159,0.981356,0.748992
0.477087,0.980781,0.74806
0.478115,0.979784,0.74695
0.478982,0.978538,0.746349
0.479492,0.97717,0.74582
0.480223,0.975265,0.745499
0.481047,0.973903,0.745036
0.482084,0.97254,0.74499
0.483094,0.97081,0.744657
0.483966,0.969396,0.744654
0.485266,0.967562,0.744789
0.487059,0.965467,0.745295
0.488481,0.963567,0.745815
0.490226,0.961789,0.746483
0.492114,0.959316,0.747347
0.493733,0.957326,0.748044
0.495513,0.955368,0.749055
0.496539,0.953136,0.750211
0.497741,0.950992,0.751571
0.499323,0.948787,0.752853
0.500486,0.947041,0.754126
0.501597,0.945233,0.755208
0.50277,0.943616,0.756421
0.503685,0.94239,0.757495
0.504484,0.941449,0.758326
0.50515,0.941099,0.758692
0.505516,0.941363,0.758955
0.505319,0.942268,0.758898
0.50516,0.943355,0.758692
0.505237,0.944902,0.758108
0.504732,0.946286,0.757562
0.504573,0.947572,0.756935
0.504798,0.949586,0.755973
0.504982,0.951229,0.755241
0.505573,0.953476,0.754535
0.50685,0.956585,0.754236
0.507726,0.959015,0.753651
0.508567,0.961278,0.753404
0.510018,0.964474,0.75231
0.510825,0.967299,0.751457
0.511386,0.969541,0.750612
0.511749,0.972327,0.749577
0.511987,0.97453,0.748482
0.511684,0.976583,0.747677
0.511597,0.978777,0.746203
0.511237,0.980599,0.745161
0.510445,0.981926,0.74378
0.509742,0.983095,0.742592
0.508976,0.98386,0.741486
0.508236,0.984116,0.740425
0.507401,0.983958,0.739298
0.506828,0.983555,0.738213
0.506034,0.982537,0.736972
0.505869,0.981335,0.735901
0.505594,0.979862,0.735049
0.504971,0.978162,0.734301
0.504921,0.976617,0.73356
0.5041,0.974506,0.732946
0.503712,0.972993,0.732821
0.502556,0.971224,0.733006
0.501277,0.969965,0.733269
0.499825,0.96851,0.733889
0.497894,0.966859,0.734557
0.496259,0.965164,0.735202
0.494391,0.963428,0.735818
0.492247,0.961348,0.736636
0.490117,0.959338,0.737412
0.488247,0.957102,0.738409
0.485707,0.95476,0.739324
0.483688,0.952884,0.740555
0.481679,0.951179,0.741064
0.48004,0.949708,0.741543
0.478491,0.948646,0.741498
0.477496,0.94844,0.741592
0.476918,0.948748,0.741807
0.476249,0.949374,0.742446
0.4758,0.950094,0.742483
0.475294,0.951347,0.742562
0.475152,0.95268,0.742319
0.47451,0.954254,0.741973
0.473465,0.955334,0.741767
0.471952,0.956798,0.741852
0.470096,0.958411,0.741825
0.46865,0.960229,0.741899
0.46721,0.962524,0.7418
0.466356,0.965025,0.74152
0.465376,0.967268,0.741573
0.465017,0.969896,0.741414
0.464871,0.971761,0.741188
0.464939,0.974129,0.740749
0.46498,0.975631,0.740397
0.465034,0.977447,0.739925
0.465467,0.978805,0.739411
0.465935,0.979754,0.738791
0.466406,0.980386,0.738023
0.467158,0.980847,0.737254
0.467823,0.98089,0.73654
0.468618,0.980499,0.735907
0.469754,0.979747,0.734536
0.470895,0.978899,0.733872
0.471867,0.977406,0.733038
0.473013,0.976157,0.732368
0.474135,0.974606,0.732076
0.475292,0.972844,0.73156
0.476513,0.971042,0.731436
0.477692,0.969212,0.731444
0.479327,0.967425,0.731434
0.480839,0.965597,0.731911
0.482623,0.963929,0.732511
0.484618,0.961677,0.733082
0.486707,0.959414,0.733985
0.488599,0.957309,0.735032
0.490389,0.954796,0.736346
0.491779,0.952137,0.73748
0.493194,0.949704,0.739327
0.494632,0.947463,0.741041
0.495584,0.945027,0.74308
0.496616,0.943079,0.744559
0.497196,0.941249,0.745854
0.497782,0.939473,0.747184
0.498379,0.938756,0.748148
0.49837,0.938601,0.748527
0.498131,0.938978,0.748632
0.497683,0.940065,0.748538
0.497528,0.941472,0.748278
0.497484,0.942847,0.747881
0.497392,0.944214,0.747132
0.498167,0.946158,0.746356
0.498615,0.948032,0.745913
0.500019,0.950389,0.745321
0.501244,0.952969,0.745048
0.502704,0.955873,0.745018
0.504004,0.958751,0.744867
0.505245,0.961348,0.744607
0.506211,0.96438,0.74398
0.506922,0.967248,0.743229
0.507319,0.96966,0.742504
0.507514,0.972401,0.741543
0.50725,0.974719,0.740475
0.5068,0.976836,0.739729
0.506027,0.978809,0.738368
0.505332,0.9803,0.737399
0.504545,0.981454,0.736459
0.503589,0.982233,0.735387
0.502736,0.982659,0.734478
0.501979,0.98266,0.733508
0.501091,0.981861,0.732244
0.5006,0.981198,0.731239
0.499916,0.979782,0.729997
0.499622,0.978272,0.729163
0.498996,0.976044,0.72822
0.498686,0.97418,0.727584
0.497699,0.972085,0.726956
0.497075,0.970345,0.726696
0.495831,0.968717,0.726859
0.494268,0.967152,0.727055
0.492657,0.96584,0.727663
0.490423,0.964365,0.728347
0.488166,0.962835,0.729255
0.486467,0.961765,0.73054
0.483755,0.959424,0.731599
0.482263,0.958333,0.732528
0.479547,0.956192,0.733963
0.477043,0.954069,0.735271
0.475235,0.952527,0.736837
0.473062,0.950743,0.738369
0.469471,0.948173,0.740716
0.468714,0.947883,0.741271
0.466798,0.94665,0.742105
0.464993,0.946184,0.742963
0.464182,0.946388,0.743222
0.463737,0.946967,0.743405
0.463346,0.948038,0.743734
0.463542,0.949543,0.743973
0.462962,0.951187,0.744459
0.462624,0.952482,0.744466
0.462048,0.954063,0.744256
0.461039,0.955379,0.744178
0.459548,0.957369,0.744225
0.458012,0.959567,0.744339
0.45626,0.961705,0.744374
0.454474,0.963927,0.744362
0.453683,0.966474,0.744076
0.45281,0.968789,0.744303
0.452924,0.971355,0.744398
0.452214,0.972908,0.743925
0.452573,0.974713,0.743639
0.452845,0.976254,0.743174
0.453156,0.977516,0.742781
0.453979,0.978658,0.741903
0.454958,0.979248,0.741066
0.456294,0.979952,0.740535
0.45758,0.980179,0.73993
0.459164,0.979743,0.739317
0.460427,0.979344,0.738442
0.461799,0.978443,0.737969
0.463112,0.977256,0.737292
0.46457,0.975936,0.736947
0.465822,0.97455,0.736707
0.467042,0.972913,0.736658
0.468062,0.971215,0.736771
0.469299,0.96947,0.736565
0.470816,0.967942,0.736581
0.472765,0.966324,0.736799
0.474589,0.964176,0.736932
0.476406,0.96226,0.736895
0.478682,0.960353,0.737518
0.480613,0.957625,0.738053
0.482574,0.955402,0.738647
0.48445,0.952865,0.739355
0.486133,0.950521,0.740347
0.487912,0.948649,0.741907
0.489163,0.946552,0.743423
0.490708,0.944988,0.745267
0.491922,0.943193,0.746923
0.493134,0.941697,0.748768
0.494236,0.94051,0.750449
0.49528,0.940038,0.751872
0.495755,0.93984,0.75299
0.495979,0.940035,0.753477
0.496056,0.940799,0.75373
0.49599,0.941908,0.753668
0.496288,0.943129,0.753312
0.49649,0.943934,0.752727
0.496936,0.944816,0.752352
0.497858,0.946636,0.751261
0.498975,0.948349,0.750471
0.500754,0.950759,0.749971
0.502251,0.953514,0.749614
0.50434,0.956235,0.749239
0.505876,0.959004,0.748728
0.507729,0.961666,0.748249
0.509005,0.964426,0.747397
0.510618,0.967142,0.746675
0.51145,0.969727,0.745831
0.512033,0.972113,0.744974
0.513053,0.974545,0.743953
0.513234,0.976251,0.74308
0.513634,0.978303,0.741928
0.51381,0.9794,0.740802
0.513912,0.980262,0.739765
0.513953,0.980925,0.738555
0.513971,0.981101,0.73763
0.514339,0.980896,0.736184
0.514535,0.980544,0.735218
0.514709,0.979651,0.734204
0.514765,0.978522,0.733214
0.515098,0.977408,0.732246
0.515107,0.976283,0.731641
0.515072,0.975132,0.731319
0.514383,0.973951,0.73132
0.513611,0.973084,0.731439
0.512559,0.9719,0.731829
0.511279,0.970724,0.732452
0.509827,0.969826,0.733018
0.507514,0.968351,0.734344
0.506108,0.967346,0.735221
0.503411,0.96512,0.735973
0.500766,0.963118,0.736837
0.498138,0.960855,0.738073
0.495649,0.958651,0.738867
0.493002,0.955871,0.739714
0.490335,0.953461,0.740008
0.488447,0.951578,0.739761
0.486595,0.94997,0.739016
0.485815,0.949694,0.738475
0.484604,0.949874,0.737604
0.48419,0.950876,0.73723
0.483844,0.95238,0.736734
0.483676,0.954236,0.73611
0.483014,0.956085,0.735354
0.482229,0.957901,0.734521
0.480831,0.959754,0.733292
0.479246,0.961177,0.732334
0.477719,0.962884,0.731643
0.475778,0.96481,0.73101
0.474057,0.966907,0.730655
0.4723,0.968531,0.72976
0.471525,0.970685,0.728922
0.470882,0.972676,0.727962
0.470637,0.974315,0.727033
0.47017,0.975722,0.726109
0.469916,0.976717,0.725153
0.470246,0.97825,0.724056
0.470841,0.979386,0.723422
0.470222,0.979855,0.721559
0.470514,0.980179,0.720604
0.470755,0.980344,0.719615
0.471784,0.979979,0.719062
0.472601,0.979329,0.717871
0.473338,0.97863,0.717174
0.474351,0.977755,0.716439
0.475496,0.976553,0.715181
0.476662,0.975373,0.714852
0.477539,0.973845,0.714416
0.478944,0.972239,0.713858
0.480568,0.970916,0.714076
0.481856,0.969665,0.714042
0.483645,0.968255,0.71406
0.485318,0.966638,0.714214
0.487285,0.965141,0.714894
0.489406,0.963379,0.715512
0.491729,0.96182,0.716495
0.49388,0.959702,0.717751
0.495614,0.957391,0.71875
0.497785,0.954827,0.720027
0.49921,0.952354,0.721558
0.500745,0.949906,0.722967
0.502225,0.947579,0.724614
0.503457,0.945202,0.725587
0.504501,0.943288,0.726692
0.505277,0.941849,0.727611
0.505623,0.941165,0.72824
0.50557,0.940834,0.72866
0.505763,0.941416,0.72886
0.505964,0.942453,0.728844
0.505706,0.943313,0.728855
0.506075,0.944764,0.728408
0.506811,0.946041,0.727936
0.507672,0.947679,0.727922
0.509058,0.949655,0.72739
0.511109,0.9523,0.727505
0.512935,0.954556,0.727642
0.514516,0.957029,0.727483
0.516733,0.959683,0.727442
0.518465,0.962475,0.727264
0.519764,0.964545,0.726759
0.521136,0.967389,0.726395
0.522406,0.96985,0.725507
0.523031,0.972243,0.724875
0.523848,0.974252,0.724191
0.524156,0.976363,0.723376
0.524111,0.977622,0.722736
0.524214,0.978753,0.721878
0.52364,0.97945,0.72088
0.523353,0.979894,0.720115
0.522804,0.979774,0.719416
0.52212,0.979159,0.718382
0.521675,0.978186,0.717559
0.521453,0.977257,0.716678
0.520876,0.97625,0.715762
0.520843,0.97474,0.715106
0.520548,0.973766,0.71466
0.520196,0.972386,0.714291
0.519518,0.970913,0.71424
0.519219,0.969884,0.714519
0.518384,0.968493,0.715236
0.517307,0.96727,0.716339
0.516548,0.966225,0.717534
0.514645,0.964264,0.718448
0.513479,0.962927,0.720014
0.511826,0.961503,0.721761
0.509651,0.959622,0.7237
0.507727,0.957718,0.725398
0.505615,0.955462,0.727618
0.503674,0.952857,0.72995
0.501413,0.950293,0.732214
0.499718,0.948442,0.734379
0.497787,0.946178,0.736394
0.496026,0.943704,0.73754
0.495025,0.942186,0.738347
0.493953,0.940574,0.739286
0.49395,0.940269,0.73972
0.493785,0.940601,0.739813
0.493998,0.942081,0.740401
0.494314,0.94413,0.740961
0.494608,0.946042,0.741063
0.494413,0.948113,0.740954
0.493515,0.950102,0.740882
0.492059,0.952306,0.740828
0.490693,0.954738,0.74044
0.488862,0.957784,0.740365
0.486192,0.959995,0.739961
0.484631,0.963008,0.73969
0.483297,0.965793,0.73914
0.482309,0.968338,0.738623
0.481649,0.970839,0.73873
0.481109,0.972834,0.73851
0.480835,0.974195,0.738298
0.480943,0.976011,0.737797
0.481125,0.976879,0.737392
0.48147,0.977453,0.73687
0.482043,0.977682,0.736167
0.482598,0.97761,0.735638
0.483503,0.977109,0.734907
0.48447,0.976251,0.734565
0.485423,0.975315,0.733963
0.486455,0.973893,0.733191
0.487085,0.972381,0.732666
0.487762,0.970831,0.732671
0.488299,0.969246,0.732453
0.488704,0.967062,0.732702
0.4893,0.965412,0.732947
0.48944,0.963733,0.73339
0.489852,0.961937,0.733871
0.490506,0.960721,0.734348
0.491169,0.958859,0.734894
0.492218,0.957142,0.735401
0.493564,0.955283,0.736394
0.494644,0.953156,0.737381
0.495712,0.951306,0.738616
0.496932,0.948972,0.740162
0.498223,0.946925,0.741381
0.498961,0.944892,0.742567
0.499953,0.942784,0.743924
0.500776,0.941212,0.744959
0.50101,0.939787,0.746161
0.500906,0.93928,0.747084
0.50052,0.939135,0.747812
0.500251,0.939802,0.748104
0.499888,0.941018,0.748192
0.499453,0.942116,0.748237
0.499065,0.943018,0.747698
0.498567,0.944289,0.747004
0.498903,0.945787,0.746281
0.499016,0.94698,0.745433
0.499338,0.948707,0.744566
0.500224,0.950639,0.743882
0.501057,0.952927,0.743323
0.502225,0.955453,0.742654
0.503118,0.958304,0.742115
0.504025,0.960974,0.741699
0.504521,0.964145,0.740994
0.504643,0.966799,0.740233
0.504779,0.969393,0.739257
0.504978,0.972024,0.738222
0.504547,0.974058,0.737189
0.504271,0.976085,0.736133
0.503582,0.978063,0.734935
0.502839,0.979344,0.734019
0.501852,0.980703,0.73282
0.500938,0.981523,0.731818
0.499858,0.982189,0.730765
0.49887,0.982501,0.729811
0.49832,0.982664,0.728776
0.497714,0.982475,0.72813
0.497014,0.981954,0.727474
0.49628,0.981054,0.727025
0.495847,0.980232,0.726933
0.494858,0.979221,0.726915
0.494199,0.978289,0.72721
0.493108,0.97707,0.727734
0.491585,0.975798,0.728729
0.489689,0.974547,0.729812
0.488011,0.973065,0.73075
0.485995,0.971292,0.732008
0.484141,0.969243,0.733092
0.482122,0.967226,0.734313
0.479737,0.965033,0.735922
0.477794,0.962088,0.737342
0.475594,0.959148,0.738667
0.473651,0.956015,0.740202
0.471598,0.953109,0.741125
0.470265,0.950528,0.74173
0.468911,0.948338,0.741679
0.467851,0.946626,0.741346
0.467293,0.946099,0.741007
0.467722,0.946832,0.741059
0.468495,0.94839,0.741316
0.468606,0.949731,0.741477
0.468616,0.951687,0.741327
0.468609,0.953329,0.740977
0.467757,0.954814,0.740657
0.466813,0.956198,0.740585
0.465527,0.95795,0.740644
0.463689,0.959704,0.741047
0.46204,0.961772,0.741222
0.460509,0.963782,0.74136
0.459764,0.965793,0.741284
0.459603,0.968279,0.741028
0.459356,0.970063,0.740854
0.459832,0.972211,0.740697
0.459857,0.973895,0.740327
0.460282,0.975536,0.740281
0.46116,0.977426,0.739551
0.462053,0.978906,0.739023
0.46298,0.980024,0.738557
0.463816,0.980156,0.738166
0.465329,0.980348,0.73786
0.466787,0.979991,0.737527
0.46791,0.979326,0.7373
0.469425,0.978192,0.736665
0.470513,0.97698,0.736357
0.471957,0.975653,0.736006
0.473025,0.973564,0.735948
0.474319,0.971945,0.73596
0.47594,0.970609,0.736395
0.477609,0.969236,0.736575
0.4793,0.968036,0.736737
0.48109,0.966462,0.737441
0.482985,0.964954,0.738176
0.485334,0.963461,0.738707
0.487451,0.961483,0.73966
0.489609,0.959072,0.740606
0.4918,0.95679,0.741482
0.493806,0.954274,0.742838
0.495257,0.951597,0.744205
0.496891,0.948927,0.745896
0.498281,0.94635,0.74738
0.4993,0.943769,0.748574
0.50051,0.941847,0.750196
0.501232,0.939792,0.751448
0.501519,0.938536,0.752425
0.501765,0.938054,0.753044
0.501804,0.93809,0.75337
0.501732,0.938537,0.753394
0.501786,0.939318,0.753293
0.502281,0.94091,0.752791
0.502382,0.942167,0.75234
0.502951,0.943505,0.751612
0.503938,0.945495,0.750986
0.505471,0.947852,0.750284
0.507045,0.950098,0.750171
0.508923,0.953188,0.749891
0.510496,0.955854,0.749892
0.512298,0.958817,0.749456
0.51399,0.961731,0.749025
0.514885,0.964462,0.748492
0.515455,0.966996,0.747816
0.516443,0.969767,0.747108
0.516708,0.972001,0.746087
0.51676,0.973919,0.745212
0.516433,0.975572,0.743914
0.516235,0.977046,0.74282
0.515652,0.977867,0.741718
0.514965,0.978381,0.740697
0.51439,0.978718,0.739649
0.513543,0.978447,0.738378
0.513241,0.97784,0.736844
0.512425,0.976459,0.735739
0.51204,0.97554,0.734696
0.511936,0.974491,0.733812
0.511433,0.972555,0.732347
0.510659,0.970798,0.731624
0.510299,0.969582,0.731005
0.509486,0.968244,0.730845
0.508262,0.966935,0.730682
0.507246,0.965859,0.730731
0.505693,0.964575,0.731197
0.504008,0.963331,0.731738
0.502306,0.961796,0.732624
0.500182,0.960167,0.733373
0.497863,0.958271,0.734511
0.495716,0.956258,0.735331
0.493525,0.953894,0.736698
0.491544,0.951498,0.737997
0.489162,0.949087,0.740059
0.487058,0.946861,0.741142
0.485237,0.944491,0.742519
0.48302,0.94197,0.744152
0.482005,0.940978,0.744602
0.480785,0.940027,0.745002
0.480139,0.939787,0.745017
0.480074,0.940329,0.745103
0.48015,0.941031,0.745186
0.48018,0.941947,0.745058
0.480623,0.943184,0.744921
0.480632,0.94424,0.744447
0.480298,0.94542,0.743684
0.479414,0.946751,0.742912
0.477908,0.948557,0.742076
0.47609,0.950342,0.741771
0.47449,0.952503,0.741065
0.472855,0.954813,0.740271
0.471539,0.957195,0.739641
0.470834,0.960192,0.739098
0.470167,0.962484,0.738423
0.470262,0.964988,0.737837
0.470109,0.967457,0.737154
0.47014,0.969563,0.736406
0.470358,0.97194,0.735796
0.470654,0.973542,0.734793
0.471482,0.975532,0.734199
0.472154,0.976509,0.733241
0.472894,0.977179,0.73226
0.473947,0.977982,0.731472
0.4745,0.978055,0.730726
0.475137,0.977775,0.729889
0.476144,0.977053,0.728756
0.476624,0.975998,0.728232
0.476872,0.974956,0.727597
0.477839,0.973336,0.726975
0.478395,0.97207,0.726723
0.479206,0.970613,0.726868
0.479891,0.96945,0.72688
0.480985,0.967985,0.726967
0.483196,0.966907,0.727367
0.483515,0.964663,0.726937
0.485633,0.962844,0.727444
0.487478,0.961007,0.728005
0.489227,0.958606,0.728579
0.491155,0.956076,0.729587
0.492786,0.953438,0.730142
0.494435,0.951089,0.731304
0.49517,0.948416,0.732588
0.496529,0.946288,0.734082
0.497408,0.943904,0.735344
0.498261,0.942136,0.736702
0.499148,0.940715,0.73805
0.499471,0.93956,0.739423
0.499525,0.939217,0.740599
0.499738,0.939272,0.741491
0.499566,0.939713,0.742315
0.499513,0.940636,0.742707
0.499191,0.941678,0.742865
0.499,0.942656,0.742729
0.499103,0.943491,0.742484
0.499701,0.944915,0.74198
0.499987,0.946228,0.741621
0.500763,0.947184,0.741493
0.502351,0.949574,0.740705
0.503715,0.952172,0.74038
0.504893,0.954214,0.740177
0.506054,0.957157,0.740093
0.507272,0.959796,0.739738
0.506962,0.961432,0.739866
0.508834,0.965324,0.738797
0.509226,0.96773,0.738435
0.509695,0.970267,0.73753
0.509517,0.972128,0.736818
0.509621,0.97422,0.736093
0.509316,0.975399,0.735329
0.50871,0.976464,0.73457
0.508252,0.977038,0.733897
0.507677,0.977429,0.733046
0.507028,0.977529,0.732272
0.506737,0.977423,0.731457
0.506406,0.977087,0.730709
0.506185,0.976376,0.729733
0.505993,0.975585,0.729026
0.506024,0.974572,0.728703
0.505635,0.972856,0.728211
0.505172,0.971689,0.727888
0.504916,0.970589,0.727876
0.504066,0.969118,0.728242
0.503237,0.968115,0.728749
0.501843,0.966648,0.729189
0.500259,0.965353,0.730223
0.498821,0.963983,0.73135
0.496899,0.962363,0.732457
0.495247,0.960695,0.733423
0.493396,0.959043,0.734756
0.491001,0.956665,0.736489
0.489413,0.954703,0.738001
0.487998,0.9522,0.739886
0.486114,0.949956,0.741899
0.484455,0.947953,0.743935
0.483116,0.945866,0.745557
0.481747,0.944114,0.746984
0.480326,0.942569,0.747697
0.479372,0.941714,0.748028
0.478924,0.941656,0.748233
0.478501,0.942173,0.748611
0.478498,0.943726,0.748905
0.478814,0.945525,0.749185
0.478906,0.947303,0.749062
0.478894,0.94928,0.748748
0.478048,0.950814,0.748319
0.476786,0.952527,0.747837
0.475413,0.954646,0.74722
0.473892,0.956671,0.746665
0.472077,0.95914,0.746554
0.470649,0.961626,0.745923
0.469833,0.964285,0.745199
0.469312,0.966733,0.744857
0.469449,0.969469,0.744447
0.469442,0.971338,0.744071
0.470074,0.973582,0.743706
0.470321,0.975243,0.743192
0.471239,0.977209,0.742513
0.472335,0.978624,0.742029
0.47338,0.979961,0.741424
0.474451,0.980634,0.740553
0.475429,0.98094,0.740038
0.476861,0.980833,0.739586
0.478012,0.980371,0.738573
0.479279,0.97967,0.738099
0.480487,0.978717,0.737297
0.481649,0.977548,0.736891
0.482624,0.976364,0.736292
0.483908,0.974964,0.736168
0.484606,0.973464,0.736327
0.485789,0.972266,0.736621
0.487433,0.971037,0.736977
0.488937,0.969571,0.736907
0.49055,0.968006,0.737491
0.49246,0.966051,0.738498
0.494395,0.964166,0.73902
0.496508,0.961844,0.740309
0.49801,0.959507,0.74153
0.500019,0.957304,0.742786
0.501226,0.954436,0.744311
0.502563,0.952034,0.745616
0.503519,0.949834,0.747341
0.504263,0.947801,0.748781
0.504719,0.945746,0.750247
0.504763,0.944393,0.75147
0.504838,0.943621,0.752412
0.504359,0.942986,0.753242
0.504015,0.943159,0.753787
0.503844,0.944084,0.754284
0.503455,0.945327,0.754431
0.503207,0.946433,0.754541
0.50307,0.947547,0.75434
0.503429,0.948829,0.753879
0.504143,0.950262,0.753504
0.50487,0.951734,0.753325
0.50616,0.953868,0.752918
0.507221,0.956041,0.752717
0.508251,0.958306,0.752544
0.509165,0.960803,0.752141
0.509882,0.963915,0.751713
0.510609,0.966339,0.751336
0.51093,0.969137,0.750639
0.511188,0.972168,0.74975
0.511224,0.97481,0.748762
0.511197,0.977142,0.747808
0.51089,0.979464,0.746863
0.510674,0.981203,0.74582
0.510117,0.982772,0.744693
0.509522,0.983972,0.74369
0.508494,0.984626,0.742392
0.508031,0.985162,0.741153
0.507109,0.985237,0.739742
0.506506,0.984961,0.738405
0.506042,0.984435,0.737245
0.505671,0.983241,0.736047
0.505089,0.981971,0.735081
0.504654,0.980574,0.734071
0.504323,0.979165,0.733394
0.503708,0.977872,0.732906
0.502778,0.976139,0.732676
0.501712,0.974745,0.732869
0.50019,0.973396,0.733455
0.498507,0.971615,0.734067
0.496612,0.969833,0.734582
0.495037,0.967962,0.735432
0.492576,0.965747,0.736455
0.490709,0.964103,0.737523
0.489015,0.961674,0.738673
0.486428,0.958726,0.739645
0.484144,0.956,0.740608
0.482585,0.953388,0.741548
0.480776,0.951355,0.741985
0.479288,0.949372,0.74212
0.478159,0.948428,0.741657
0.477458,0.948298,0.741364
0.477302,0.948842,0.741367
0.477143,0.949586,0.741534
0.476612,0.950978,0.741747
0.476724,0.952964,0.741598
0.476432,0.954399,0.741208
0.476139,0.955999,0.740903
0.475118,0.957759,0.740088
0.473656,0.959213,0.739864
0.472192,0.961374,0.7395
0.470555,0.963471,0.738908
0.468809,0.965774,0.738773
0.467948,0.968698,0.738197
0.467039,0.970889,0.737569
0.467019,0.973511,0.736897
0.466547,0.975467,0.736364
0.466661,0.977647,0.735924
0.466573,0.979371,0.735293
0.466889,0.980848,0.734525
0.467137,0.9823,0.733829
0.467705,0.983278,0.732678
0.468616,0.984075,0.731873
0.46935,0.984454,0.73125
0.470716,0.98447,0.730638
0.471764,0.984153,0.730033
0.472734,0.983327,0.729312
0.47416,0.98239,0.728643
0.475293,0.981218,0.728044
0.476368,0.97926,0.727744
0.477639,0.97767,0.727523
0.47882,0.976062,0.727506
0.480392,0.974045,0.727173
0.482155,0.972341,0.727441
0.483781,0.97041,0.727448
0.48562,0.968132,0.727363
0.487656,0.966208,0.727594
0.490072,0.964095,0.727847
0.491972,0.961577,0.728687
0.494502,0.959017,0.729046
0.496271,0.956347,0.730056
0.49823,0.953896,0.731352
0.49963,0.95096,0.73261
0.501464,0.948874,0.733896
0.502698,0.946945,0.735137
0.503156,0.944864,0.736519
0.504127,0.943589,0.738382
0.504797,0.942918,0.739808
0.50527,0.942741,0.74111
0.505569,0.943036,0.742562
0.505597,0.943506,0.743786
0.505436,0.944614,0.744507
0.50592,0.945953,0.745161
0.506362,0.947691,0.745108
0.50642,0.948836,0.745206
0.506593,0.949915,0.745311
0.507458,0.951641,0.745032
0.508152,0.953005,0.744702
0.509494,0.955103,0.744427
0.510637,0.957048,0.744121
0.511818,0.959892,0.743843
0.512624,0.962629,0.743534
0.51401,0.96572,0.743273
0.514854,0.968745,0.742766
0.515521,0.971276,0.742323
0.516236,0.974026,0.741633
0.516323,0.97659,0.740916
0.516509,0.978617,0.74008
0.516447,0.980084,0.738806
0.516259,0.981895,0.737991
0.515907,0.98275,0.736629
0.515328,0.98327,0.735404
0.514793,0.98358,0.734262
0.514249,0.983578,0.733149
0.513328,0.98326,0.731865
0.512904,0.982762,0.730539
0.512528,0.982106,0.729602
0.511709,0.980169,0.728215
0.510914,0.9788,0.727042
0.510587,0.977223,0.726303
0.509267,0.975178,0.725622
0.508906,0.973466,0.7252
0.507497,0.971276,0.724746
0.506575,0.969742,0.724668
0.504901,0.967567,0.724952
0.503299,0.965954,0.725621
0.501285,0.964109,0.726177
0.499264,0.962252,0.727131
0.49776,0.960564,0.728124
0.495277,0.958143,0.728891
0.492463,0.955752,0.730569
0.490669,0.95385,0.73174
0.488935,0.951394,0.733293
0.486211,0.948321,0.735444
0.484305,0.946602,0.736905
0.481971,0.944609,0.738504
0.480038,0.942819,0.739522
0.47842,0.94122,0.740185
0.477169,0.940452,0.740595
0.475729,0.939757,0.741107
0.475844,0.941186,0.74112
0.475899,0.942309,0.741493
0.475755,0.943707,0.741687
0.476201,0.945651,0.741806
0.476075,0.947738,0.741647
0.475499,0.949683,0.741606
0.474217,0.951414,0.741317
0.472587,0.95361,0.740905
0.470635,0.956321,0.740759
0.468442,0.958629,0.740555
0.466298,0.96117,0.739811
0.464767,0.96414,0.739254
0.463832,0.967019,0.738541
0.463213,0.969739,0.738002
0.462988,0.971996,0.737464
0.463114,0.974556,0.736846
0.463067,0.976296,0.736279
0.463618,0.978054,0.735625
0.464301,0.979287,0.73477
0.46522,0.980347,0.733925
0.466479,0.980992,0.732748
0.467628,0.981468,0.731885
0.46857,0.981468,0.730975
0.469782,0.98102,0.729997
0.471134,0.980327,0.728854
0.472192,0.97943,0.727998
0.473651,0.978325,0.726912
0.474778,0.976845,0.7265
0.47553,0.975279,0.725938
0.476797,0.973372,0.72539
0.477869,0.972065,0.725309
0.479536,0.970775,0.725518
0.481184,0.968982,0.725227
0.482524,0.967595,0.72527
0.48449,0.966172,0.725934
0.487004,0.964286,0.726544
0.488604,0.962008,0.7273
0.49109,0.95995,0.728296
0.493778,0.957858,0.729053
0.495249,0.955421,0.730173
0.496743,0.952945,0.731439
0.49847,0.950667,0.732914
0.499782,0.948397,0.733922
0.501039,0.94613,0.734807
0.502079,0.944503,0.735587
0.502987,0.943139,0.736489
0.503404,0.94213,0.737154
0.50372,0.941828,0.737296
0.50383,0.942171,0.737506
0.504035,0.943151,0.737534
0.504187,0.944247,0.737885
0.504397,0.945831,0.737373
0.504648,0.947311,0.736852
0.505005,0.948446,0.736353
0.505919,0.950426,0.735847
0.506592,0.951927,0.735497
0.508305,0.954073,0.735169
0.509267,0.956109,0.734844
0.510957,0.9588,0.734615
0.512297,0.961596,0.734125
0.513676,0.96401,0.733775
0.514519,0.966829,0.733259
0.515497,0.969432,0.732642
0.516398,0.972178,0.731725
0.516844,0.974516,0.730584
0.517315,0.976527,0.729434
0.517545,0.978828,0.728431
0.517404,0.980279,0.727471
0.517035,0.981235,0.726719
0.516561,0.982304,0.725625
0.515923,0.983235,0.724843
0.515153,0.983456,0.723848
0.514137,0.982893,0.72299
0.51298,0.982413,0.722031
0.512453,0.981753,0.721171
0.511329,0.980852,0.720391
0.51006,0.979082,0.719922
0.509135,0.977765,0.719466
0.508086,0.976079,0.719258
0.506683,0.974224,0.719053
0.505501,0.972393,0.719251
0.503721,0.970664,0.719473
0.501806,0.968339,0.719793
0.500025,0.966233,0.720405
0.497743,0.964465,0.721467
0.494866,0.96241,0.72239
0.492169,0.960387,0.723245
0.489789,0.958026,0.724691
0.487506,0.95559,0.725719
0.485045,0.953149,0.727745
0.482752,0.9509,0.729132
0.480728,0.948378,0.730643
0.47863,0.946033,0.732452
0.477164,0.944972,0.734326
0.474743,0.942892,0.735539
0.4728,0.941588,0.736201
0.471456,0.940835,0.73664
0.47061,0.941181,0.73674
0.470108,0.942662,0.737034
0.470526,0.944495,0.737433
0.470835,0.946489,0.737553
0.470181,0.948393,0.737125
0.470235,0.951347,0.736967
0.469141,0.953146,0.736213
0.468462,0.955819,0.73565
0.466608,0.958171,0.735041
0.464534,0.961219,0.734991
0.462104,0.963602,0.734238
0.460422,0.966496,0.733953
0.458915,0.968855,0.733843
0.458059,0.97135,0.733466
0.457575,0.973579,0.733184
0.457357,0.975745,0.732891
0.457252,0.9775,0.732563
0.457562,0.978979,0.73221
0.458186,0.980239,0.731883
0.459233,0.98139,0.731424
0.46026,0.982246,0.730876
0.461412,0.982484,0.730268
0.462372,0.982352,0.729877
0.463864,0.981565,0.729496
0.465181,0.980643,0.729351
0.466062,0.979079,0.728913
0.467389,0.977528,0.728618
0.468428,0.975835,0.728701
0.468899,0.973409,0.72888
0.469863,0.971408,0.728766
0.470715,0.969078,0.728931
0.471574,0.966998,0.729447
0.472643,0.965348,0.73008
0.474322,0.96355,0.730881
0.475835,0.96185,0.731507
0.477226,0.960239,0.732464
0.47905,0.957962,0.733764
0.481089,0.955911,0.7346
0.48326,0.953932,0.735782
0.484557,0.951399,0.737016
0.486268,0.948843,0.738618
0.487446,0.946452,0.739837
0.489401,0.944445,0.741139
0.490405,0.94211,0.742405
0.491523,0.940342,0.743322
0.49245,0.938899,0.744439
0.493456,0.937609,0.745532
0.493922,0.936885,0.746406
0.494228,0.93691,0.74684
0.494582,0.937696,0.747053
0.494876,0.939179,0.74732
0.494841,0.940235,0.74747
0.494687,0.941305,0.74737
0.49469,0.943133,0.747068
0.494945,0.944839,0.746738
0.495342,0.946911,0.74648
0.496393,0.949053,0.746272
0.497377,0.95188,0.745939
0.498644,0.95454,0.745666
0.500048,0.957513,0.745319
0.501294,0.960366,0.74492
0.502398,0.962993,0.744396
0.50334,0.96609,0.743731
0.504043,0.968947,0.743253
0.504664,0.971194,0.742345
0.505011,0.973913,0.74175
0.505234,0.97588,0.740957
0.505194,0.977802,0.740145
0.505068,0.978883,0.73936
0.504731,0.979958,0.738369
0.504202,0.980424,0.737697
0.503834,0.980633,0.736606
0.502899,0.979921,0.735808
0.502601,0.97909,0.734798
0.501994,0.978005,0.733899
0.501358,0.976563,0.733215
0.500964,0.97464,0.732436
0.500442,0.972805,0.731901
0.500158,0.970533,0.731561
0.49994,0.968912,0.731386
0.498752,0.966499,0.73129
0.498023,0.964844,0.731522
0.496743,0.96255,0.732024
0.495555,0.960774,0.732799
0.493962,0.95916,0.733943
0.49215,0.957444,0.735002
0.490017,0.95562,0.736639
0.488335,0.953833,0.738145
0.486249,0.951932,0.739577
0.484027,0.950165,0.741595
0.481472,0.947872,0.743427
0.479111,0.945854,0.745615
0.476472,0.943873,0.747794
0.473941,0.942113,0.749648
0.471515,0.940474,0.751498
0.469518,0.939532,0.752669
0.467882,0.939062,0.753633
0.465614,0.938685,0.755221
0.466247,0.941264,0.755388
0.465683,0.942772,0.756291
0.465431,0.94428,0.756965
0.465287,0.946665,0.757541
0.464943,0.948113,0.75778
0.464148,0.94973,0.75788
0.46291,0.95143,0.758188
0.461554,0.95319,0.758202
0.459693,0.955618,0.7582
0.457549,0.95801,0.75793
0.4555,0.960463,0.75761
0.453972,0.963477,0.757313
0.452509,0.966004,0.75689
0.451032,0.968448,0.756904
0.450352,0.970854,0.756711
0.450087,0.973112,0.756674
0.44976,0.974818,0.756689
0.449877,0.976917,0.756591
0.449945,0.978112,0.756294
0.450235,0.978819,0.756018
0.450664,0.979431,0.755583
0.451588,0.979807,0.755158
0.452753,0.979695,0.754466
0.453705,0.979179,0.753668
0.455064,0.978353,0.753249
0.456126,0.976844,0.752428
0.45727,0.975371,0.751838
0.458557,0.973665,0.751433
0.459538,0.97206,0.751289
0.460548,0.97024,0.751476
0.461821,0.968608,0.751442
0.462842,0.966849,0.751511
0.464014,0.965211,0.751962
0.465808,0.963629,0.75275
0.467275,0.962005,0.753448
0.469339,0.959937,0.754449
0.471147,0.957692,0.755802
0.473352,0.955637,0.756976
0.47535,0.953047,0.758039
0.477402,0.950584,0.759558
0.478873,0.947732,0.760915
0.480617,0.945412,0.762546
0.481817,0.942934,0.763969
0.483093,0.940874,0.764774
0.484176,0.938941,0.765965
0.484916,0.937773,0.766781
0.485533,0.937298,0.767605
0.485849,0.937193,0.768155
0.486058,0.937644,0.768815
0.486505,0.938555,0.769403
0.486807,0.940001,0.769725
0.486995,0.941554,0.769756
0.487362,0.942741,0.769562
0.488365,0.944221,0.769494
0.489014,0.945994,0.769234
0.490133,0.947779,0.768917
0.491615,0.949701,0.768592
0.492814,0.952069,0.768185
0.494549,0.954774,0.767758
0.495851,0.957652,0.767176
0.497303,0.959901,0.766666
0.498322,0.962997,0.766178
0.499676,0.966163,0.765264
0.500514,0.968792,0.764527
0.501186,0.971588,0.763742
0.501282,0.973611,0.762919
0.501956,0.976065,0.762185
0.50186,0.97726,0.761525
0.501206,0.978528,0.760575
0.500856,0.97953,0.759914
0.500377,0.979908,0.759031
0.5,0.980262,0.758041
0.499191,0.980005,0.756828
0.49821,0.979044,0.755965
0.497394,0.978139,0.754962
0.496897,0.977095,0.754086
0.496358,0.975523,0.753297
0.495944,0.973682,0.752329
0.495535,0.971851,0.751783
0.494832,0.970127,0.751349
0.494296,0.968144,0.751064
0.493142,0.966219,0.750862
0.492164,0.963881,0.750891
0.490752,0.962382,0.751177
0.489109,0.960472,0.75177
0.48765,0.959206,0.752321
0.485493,0.95721,0.753239
0.483957,0.955506,0.75414
0.482046,0.953809,0.755223
0.479761,0.952022,0.756864
0.477965,0.950749,0.758176
0.47556,0.948808,0.759805
0.473569,0.947598,0.761613
0.470999,0.945879,0.763379
0.468688,0.944328,0.764595
0.466781,0.943522,0.76532
0.465364,0.943263,0.765835
0.463301,0.942214,0.765856
0.463158,0.943517,0.765327
0.463538,0.944786,0.765286
0.463322,0.946347,0.765187
0.46346,0.948373,0.764928
0.463298,0.950204,0.764214
0.462961,0.952215,0.763678
0.461948,0.953941,0.762942
0.46109,0.956253,0.762064
0.45913,0.958364,0.761264
0.456868,0.960422,0.760773
0.454711,0.962568,0.759981
0.452813,0.964702,0.759477
0.451741,0.967321,0.758532
0.450787,0.969169,0.757724
0.449995,0.97122,0.756982
0.449626,0.973191,0.756466
0.44952,0.974713,0.756162
0.449717,0.976243,0.755734
0.450006,0.977668,0.75517
0.450419,0.978411,0.754547
0.451072,0.978922,0.753759
0.45209,0.979676,0.75311
0.45275,0.979484,0.752534
0.453599,0.978822,0.75202
0.45442,0.97775,0.751289
0.454747,0.976357,0.750713
0.455496,0.975092,0.750264
0.456287,0.97343,0.749777
0.456649,0.971614,0.74959
0.45711,0.969737,0.749294
0.457352,0.967866,0.749269
0.458456,0.966271,0.749267
0.45948,0.964706,0.749439
0.460466,0.963415,0.749705
0.461406,0.961372,0.750143
0.463003,0.959715,0.750099
0.464703,0.958202,0.750632
0.465999,0.956048,0.751245
0.467418,0.953796,0.751881
0.468695,0.951313,0.752422
0.470139,0.949261,0.753407
0.471749,0.94726,0.754386
0.472981,0.944767,0.754839
0.474678,0.943059,0.755553
0.47561,0.941338,0.756438
0.476744,0.940091,0.757338
0.477564,0.939569,0.757958
0.478057,0.939603,0.75815
0.478082,0.94006,0.758038
0.478002,0.941191,0.757819
0.477427,0.942284,0.757791
0.476645,0.943261,0.75699
0.476422,0.944609,0.755945
0.476285,0.946256,0.755199
0.476388,0.947612,0.754362
0.476925,0.949927,0.753351
0.477519,0.951856,0.752902
0.478762,0.954907,0.751901
0.480307,0.95794,0.75133
0.480562,0.959827,0.750628
0.481807,0.962925,0.749252
0.482742,0.965679,0.748118
0.483166,0.968304,0.747068
0.483262,0.970243,0.746307
0.483674,0.972821,0.744819
0.483594,0.97482,0.743677
0.483538,0.97699,0.742573
0.483418,0.978336,0.741231
0.483141,0.980329,0.740061
0.482893,0.98123,0.739102
0.482654,0.981717,0.73791
0.48212,0.982076,0.736911
0.481911,0.982137,0.735986
0.482005,0.981889,0.734943
0.482058,0.981398,0.734309
0.482023,0.980817,0.733718
0.482398,0.980137,0.733382
0.481666,0.97829,0.732837
0.481486,0.977511,0.732856
0.481071,0.976721,0.733169
0.480437,0.975859,0.733723
0.478946,0.974641,0.73463
0.477541,0.973474,0.735555
0.476023,0.971982,0.736871
0.474407,0.970618,0.738069
0.472005,0.968549,0.739439
0.470056,0.966842,0.740857
0.467976,0.964686,0.74211
0.465865,0.962023,0.743602
0.463733,0.95968,0.744565
0.461509,0.957109,0.74534
0.46032,0.955041,0.74501
0.459373,0.953572,0.744519
0.458623,0.953018,0.744034
0.458616,0.953102,0.743877
0.459148,0.95386,0.74401
0.459292,0.955556,0.744168
0.459563,0.957511,0.744572
0.459391,0.959722,0.744715
0.458815,0.961375,0.744737
0.457602,0.963317,0.744853
0.456593,0.96552,0.745124
0.455009,0.967196,0.745681
0.453551,0.969029,0.746325
0.452326,0.971196,0.746481
0.451107,0.973674,0.74709
0.450594,0.976109,0.747188
0.450211,0.977932,0.747245
0.450326,0.97997,0.747332
0.450648,0.981854,0.747343
0.451377,0.983732,0.747335
0.451973,0.984812,0.74709
0.452799,0.985591,0.747207
0.454195,0.986874,0.746771
0.455216,0.987279,0.746634
0.456687,0.987376,0.746448
0.458097,0.98702,0.746459
0.459415,0.986133,0.746447
0.460815,0.985115,0.746239
0.462489,0.98355,0.746165
0.463641,0.981541,0.74636
0.464605,0.979583,0.746687
0.466049,0.977223,0.746733
0.46715,0.975154,0.747324
0.468428,0.973118,0.748072
0.469829,0.971372,0.749073
0.471574,0.969729,0.749662
0.473685,0.968083,0.750899
0.475242,0.966188,0.752086
0.477603,0.964393,0.753858
0.480011,0.962085,0.755356
0.481936,0.959426,0.757111
0.483898,0.956722,0.759083
0.48544,0.953616,0.761128
0.48712,0.950451,0.763318
0.488595,0.947586,0.765217
0.490005,0.944873,0.766935
0.490907,0.942295,0.768104
0.491511,0.939973,0.769378
0.492156,0.938188,0.770255
0.492404,0.937459,0.770796
0.492439,0.937355,0.77097
0.492547,0.93776,0.771103
0.493081,0.938714,0.771359
0.493308,0.939461,0.771124
0.493574,0.940257,0.770907
0.494522,0.941893,0.770484
0.49588,0.94357,0.770354
0.497544,0.945492,0.770264
0.499416,0.948363,0.770288
0.501436,0.950941,0.770164
0.503104,0.953966,0.770098
0.504606,0.956584,0.769815
0.506015,0.959673,0.769267
0.506985,0.962799,0.768897
0.507744,0.96559,0.768089
0.508056,0.968356,0.767505
0.507969,0.971057,0.766657
0.508134,0.973757,0.76581
0.507472,0.975567,0.764858
0.506916,0.977487,0.763934
0.506456,0.978852,0.763106
0.505432,0.979783,0.762272
0.504488,0.980395,0.761442
0.503748,0.980776,0.760661
0.503172,0.980796,0.759807
0.502445,0.980412,0.758911
0.502213,0.97981,0.757988
0.501838,0.978652,0.757434
0.501513,0.977389,0.756922
0.50119,0.976122,0.756354
0.501116,0.974393,0.755827
0.50047,0.973215,0.755909
0.499485,0.971617,0.755995
0.498449,0.969884,0.756281
0.497371,0.968228,0.756775
0.49583,0.966358,0.757334
0.494265,0.964247,0.758184
0.491594,0.961339,0.759804
0.490797,0.960406,0.760352
0.488786,0.95799,0.761626
0.487595,0.956391,0.76279
0.485556,0.953668,0.763964
0.483461,0.951177,0.765425
0.482478,0.949854,0.768074
0.480211,0.947286,0.769097
0.478285,0.94536,0.771101
0.477212,0.944541,0.771917
0.476545,0.944386,0.773078
0.475876,0.944463,0.7736
0.475143,0.944929,0.774338
0.475023,0.945981,0.775201
0.474659,0.947231,0.775856
0.474558,0.949015,0.776504
0.474252,0.951046,0.776688
0.473851,0.952831,0.776734
0.472677,0.954731,0.776889
0.471332,0.956729,0.776961
0.469911,0.959638,0.777215
0.468401,0.962003,0.777232
0.467141,0.964756,0.776968
0.465976,0.96763,0.77689
0.465372,0.970314,0.776435
0.465128,0.972982,0.776255
0.464889,0.975572,0.775945
0.465111,0.978255,0.775603
0.465437,0.980183,0.775313
0.465997,0.982344,0.774812
0.466351,0.983825,0.77423
0.466966,0.985073,0.773681
0.467454,0.986211,0.772954
0.468161,0.986747,0.772031
0.468843,0.986958,0.77132
0.469792,0.986601,0.770462
0.470478,0.986139,0.769691
0.471242,0.985307,0.768717
0.471983,0.984241,0.768089
0.472769,0.982792,0.767385
0.473404,0.981172,0.766916
0.473968,0.979286,0.766777
0.474919,0.977797,0.766551
0.47586,0.976017,0.766479
0.4767,0.974448,0.766611
0.478128,0.972764,0.76663
0.479886,0.970909,0.767055
0.481367,0.968582,0.767943
0.482969,0.966278,0.76872
0.484927,0.963717,0.76965
0.486381,0.96159,0.770707
0.48765,0.959096,0.771903
0.489178,0.956339,0.773192
0.490125,0.953662,0.774667
0.490986,0.951057,0.776437
0.491894,0.949048,0.778218
0.492896,0.947233,0.779489
0.492914,0.94504,0.780764
0.493406,0.94345,0.782319
0.493758,0.942282,0.783165
0.493541,0.941382,0.78377
0.49308,0.941013,0.784254
0.492669,0.941393,0.784467
0.492491,0.942367,0.784347
0.492072,0.943361,0.784207
0.491882,0.944768,0.78381
0.491742,0.945562,0.783205
0.492266,0.946773,0.782454
0.493144,0.948527,0.782018
0.493668,0.949804,0.780829
0.494404,0.951805,0.780139
0.495323,0.954378,0.779314
0.496122,0.957078,0.778802
0.496716,0.959982,0.778039
0.49709,0.962793,0.777137
0.497508,0.965312,0.776215
0.497437,0.967931,0.775135
0.497472,0.970817,0.773997
0.497206,0.972918,0.77262
0.496815,0.975282,0.771417
0.495837,0.976892,0.770075
0.495082,0.978381,0.76842
0.494622,0.979532,0.767134
0.493515,0.980497,0.765935
0.492389,0.980933,0.764522
0.491647,0.981122,0.763275
0.490686,0.981007,0.761982
0.490188,0.980681,0.760587
0.489229,0.979689,0.759398
0.488867,0.978292,0.758388
0.488426,0.977049,0.756986
0.487992,0.975581,0.756199
0.48704,0.973651,0.755591
0.486528,0.972263,0.755164
0.485667,0.969983,0.754823
0.484602,0.968529,0.754655
0.483096,0.966525,0.755011
0.481939,0.965347,0.755718
0.479495,0.963139,0.755998
0.477457,0.961433,0.756411
0.475345,0.959766,0.757119
0.473202,0.957859,0.757554
0.470908,0.955572,0.758202
0.469175,0.953432,0.75926
0.46694,0.951461,0.760822
0.464907,0.949506,0.762343
0.462917,0.947893,0.764019
0.460726,0.946571,0.765767
0.458747,0.945408,0.767447
0.457139,0.944434,0.768464
0.455592,0.944065,0.769153
0.454714,0.944681,0.76954
0.454377,0.945707,0.769894
0.454555,0.947241,0.770065
0.45434,0.948757,0.770397
0.455091,0.951204,0.770857
0.454876,0.952957,0.770956
0.45465,0.954465,0.770588
0.454243,0.956428,0.770174
0.452988,0.958234,0.769928
0.451154,0.960409,0.769532
0.449466,0.962449,0.769245
0.447546,0.964536,0.769156
0.446441,0.967072,0.768638
0.445626,0.96926,0.768167
0.445624,0.971674,0.767635
0.445406,0.973543,0.767446
0.445745,0.975558,0.767261
0.445823,0.977262,0.767047
0.446448,0.978847,0.766696
0.446809,0.980347,0.766162
0.447509,0.981461,0.765555
0.448422,0.98242,0.765214
0.449225,0.982666,0.764674
0.450164,0.982594,0.763981
0.451079,0.982261,0.763417
0.45147,0.981361,0.763043
0.451965,0.980209,0.762611
0.452934,0.978556,0.761931
0.45338,0.977044,0.761662
0.453712,0.975435,0.761593
0.454149,0.973109,0.761533
0.454884,0.971692,0.761611
0.455659,0.969848,0.761656
0.456697,0.968273,0.761968
0.457743,0.966562,0.762299
0.459002,0.964408,0.76295
0.46068,0.962503,0.763767
0.462114,0.960522,0.7646
0.463506,0.957847,0.765481
0.465255,0.955658,0.766478
0.466301,0.952782,0.767899
0.467516,0.950297,0.769357
0.468681,0.94768,0.771403
0.469474,0.945137,0.773168
0.47073,0.94335,0.774957
0.471948,0.941454,0.776815
0.472417,0.939822,0.778992
0.473351,0.938825,0.78072
0.474334,0.938176,0.782317
0.474886,0.938249,0.783521
0.474897,0.938885,0.784374
0.475045,0.939844,0.784885
0.475331,0.941051,0.785269
0.475227,0.942644,0.785356
0.475747,0.943861,0.78537
0.476319,0.945206,0.785207
0.476885,0.946728,0.785004
0.478132,0.948601,0.78462
0.47956,0.950793,0.78455
0.48088,0.953563,0.784581
0.482178,0.956619,0.784438
0.483842,0.95969,0.784407
0.484998,0.962581,0.784008
0.485929,0.965108,0.783887
0.486664,0.968264,0.783558
0.487405,0.97108,0.78286
0.487925,0.973153,0.78221
0.488021,0.975444,0.781528
0.488289,0.977531,0.780601
0.487889,0.979022,0.779663
0.487416,0.979946,0.778809
0.487013,0.980804,0.777564
0.486255,0.981335,0.776552
0.485703,0.981753,0.775614
0.484898,0.981425,0.774398
0.484666,0.980608,0.77355
0.484544,0.979691,0.772275
0.484133,0.978683,0.771297
0.48398,0.976846,0.77057
0.483551,0.974908,0.76958
0.483564,0.972872,0.768894
0.48323,0.971188,0.768398
0.482405,0.968726,0.768175
0.481993,0.966814,0.768025
0.481069,0.964074,0.768046
0.479413,0.961314,0.768892
0.479277,0.959733,0.768906
0.477786,0.957658,0.769551
0.476527,0.955685,0.770521
0.474669,0.95358,0.771834
0.473017,0.951544,0.77286
0.471762,0.949249,0.77415
0.469986,0.94667,0.775888
0.468375,0.944298,0.77742
0.465654,0.940949,0.78012
0.465002,0.940069,0.781144
0.463595,0.938504,0.782719
0.461971,0.937212,0.784285
0.460835,0.93674,0.785823
0.46058,0.937158,0.786959
0.460432,0.938592,0.787677
0.460845,0.940125,0.788379
0.461075,0.942309,0.789259
0.461562,0.943891,0.790198
0.46241,0.946174,0.790594
0.462686,0.947814,0.791016
0.46209,0.949174,0.791258
0.461941,0.951259,0.79112
0.460756,0.953385,0.790705
0.458929,0.956094,0.790575
0.45698,0.958836,0.789772
0.455623,0.961674,0.788701
0.453951,0.96423,0.788009
0.453299,0.967293,0.786856
0.452794,0.969957,0.786191
0.452792,0.972374,0.785638
0.452835,0.975064,0.785065
0.453019,0.97768,0.784515
0.45374,0.979855,0.783848
0.454439,0.982002,0.782974
0.455412,0.983184,0.782021
0.456663,0.984611,0.781009
0.457691,0.985295,0.77979
0.458551,0.985553,0.778782
0.459827,0.985485,0.77742
0.461173,0.985122,0.775962
0.462162,0.984581,0.774769
0.463552,0.983436,0.773223
0.464299,0.982374,0.772302
0.465411,0.980575,0.771298
0.466153,0.979045,0.770733
0.467348,0.977606,0.770356
0.468973,0.976108,0.769465
0.470156,0.974758,0.769032
0.471373,0.972671,0.768919
0.473653,0.971035,0.768683
0.475507,0.968981,0.769081
0.477565,0.966439,0.769337
0.479969,0.964448,0.769527
0.481737,0.961664,0.770199
0.483644,0.959251,0.770697
0.485298,0.957096,0.771286
0.486872,0.954422,0.772174
0.487981,0.951948,0.773308
0.489242,0.949676,0.77486
0.490955,0.947973,0.776115
0.492191,0.946647,0.777308
0.493277,0.944739,0.778979
0.494237,0.94374,0.780632
0.495564,0.943227,0.782301
0.495968,0.943064,0.783445
0.496306,0.943368,0.784256
0.496643,0.943839,0.784845
0.496664,0.94478,0.785229
0.496579,0.946229,0.78549
0.496637,0.947735,0.78518
0.496656,0.948676,0.78477
0.497402,0.95021,0.784225
0.497827,0.951525,0.783594
0.499089,0.952814,0.782472
0.500618,0.954836,0.781875
0.502598,0.957482,0.781479
0.503548,0.959868,0.780916
0.504691,0.962678,0.780362
0.506017,0.965247,0.780187
0.506898,0.968271,0.779655
0.508046,0.971257,0.778849
0.508784,0.973723,0.77808
0.50913,0.976251,0.777154
0.509571,0.978512,0.775999
0.50952,0.98003,0.774544
0.509325,0.981342,0.77339
0.509411,0.982652,0.772012
0.508666,0.982823,0.770592
0.507888,0.983161,0.769226
0.507806,0.983415,0.767586
0.507052,0.983143,0.7663
0.506434,0.982068,0.765086
0.505913,0.981239,0.763843
0.505854,0.980158,0.762729
0.505822,0.978724,0.761719
0.505234,0.976795,0.760596
0.505365,0.974732,0.759728
0.504794,0.972385,0.759062
0.504256,0.970507,0.758663
0.503745,0.968253,0.758395
0.502795,0.966272,0.757915
0.502135,0.964066,0.757825
0.500505,0.961887,0.757789
0.499276,0.960259,0.758166
0.497306,0.957624,0.758601
0.49511,0.955426,0.758935
0.49365,0.954291,0.758911
0.491025,0.951712,0.759428
0.490212,0.950533,0.759541
0.488286,0.94822,0.760043
0.486978,0.946657,0.761164
0.48556,0.944595,0.762397
0.483171,0.942883,0.764082
0.48188,0.942579,0.765307
0.480446,0.94243,0.766747
0.478812,0.942234,0.768997
0.47665,0.941459,0.771707
0.475113,0.942114,0.774035
0.473616,0.943018,0.776518
0.472368,0.944646,0.779072
0.470909,0.946589,0.781607
0.469762,0.948783,0.78341
0.469092,0.951182,0.785281
0.468124,0.953578,0.787149
0.467201,0.955191,0.788507
0.466483,0.95702,0.790133
0.466098,0.958455,0.791175
0.465186,0.959776,0.792257
0.464482,0.961216,0.792667
0.463753,0.962044,0.79287
0.46295,0.963261,0.792745
0.461615,0.964071,0.792397
0.460164,0.965032,0.792367
0.459004,0.966044,0.792043
0.45782,0.966969,0.791651
0.45648,0.968009,0.790961
0.455625,0.969276,0.790296
0.454671,0.970649,0.789789
0.454114,0.971732,0.78915
0.453542,0.972478,0.788276
0.453142,0.973129,0.787462
0.453385,0.973794,0.786024
0.453354,0.974081,0.78518
0.453296,0.974313,0.784222
0.45312,0.974358,0.783051
0.453209,0.974744,0.78206
0.453246,0.974866,0.780649
0.45311,0.974969,0.779771
0.45273,0.974837,0.778547
0.452577,0.974821,0.777257
0.452449,0.974743,0.775933
0.452101,0.974555,0.774805
0.452327,0.974608,0.773945
0.452003,0.974233,0.772674
0.45242,0.97401,0.771513
0.452493,0.973946,0.77093
0.452658,0.973911,0.770585
0.452888,0.973906,0.770329
0.453141,0.973855,0.770087
